CERT AAtAtAATTattaTT k=3 a=[1, 2, 0] t=[1, 2, 0] c=[0, 0, 0, 0, 1, 2] pot=[0, 0, -1] cp=[0, -1, 1, 0, 0, 3] delta=[1, -4, 6, -3, 2, -5, 2, 2, -1]
CERT AAtAtATTattAATT k=4 a=[1, 2, 0, 3] t=[1, 2, 3, 0] c=[0, -1, 0, 1, 4, 0, 7, 0] pot=[0, 0, 1, -1] cp=[0, 0, -1, 1, 4, 1, 5, 1] delta=[1, -1, -1, -1, 1, -2, 2, 0, 2, -2, 0, 0, 2, -1, 1, 0, 0, 0, -1]
CERT AAtAtATTattaaTT k=5 a=[1, 2, 3, 4, 0] t=[0, 2, 4, 1, 3] c=[0, 2, -2, 0, 0, 2, 1, 0, 2, -1] pot=[0, -1, -1, 0, -1] cp=[-1, 2, -1, -1, 1, 2, 1, 0, 1, 0] delta=[1, -1, 0, -1, -3, 5, -2, 4, -4, -1, 1, 1, 1, -1]
CERT AAtAtaTTattAATT k=3 a=[1, 2, 0] t=[1, 2, 0] c=[0, 0, 0, 0, 1, 2] pot=[0, 0, -1] cp=[0, -1, 1, 0, 0, 3] delta=[1, -4, 4, 3, -6, 1, 2, -2, 1]
CERT AAtAtaaTTAttaTT k=6 a=[1, 0, 3, 2, 4, 5] t=[2, 3, 4, 5, 1, 0] c=[0, 0, -3, 3, -1, 1, 0, -2, 0, 0, -2, 0] pot=[0, -1, -1, 1, -1, 1] cp=[-1, 1, -1, 1, -1, 1, -1, 0, 0, 0, -2, -1] delta=[-1, -3, -2, 2, 6, 8, 2, -2, -4, -4, -1, -1]
CERT AAtAtaaTTattATT k=6 a=[1, 0, 3, 2, 4, 5] t=[2, 3, 4, 5, 1, 0] c=[0, 0, 3, -3, 1, -1, 0, 0, 0, 0, 2, 0] pot=[0, -1, 1, -1, 1, 0] cp=[-1, 1, 1, -1, 1, -1, 1, 0, 0, 1, 0, 0] delta=[-1, 2, -3, -1, -1, 1, 3, -1, 2, -1]
CERT AAtAtaaTTattaTT k=4 a=[1, 2, 0, 3] t=[1, 2, 3, 0] c=[0, 2, 0, -2, -1, 3, 0, 0] pot=[0, 1, 0, -1] cp=[1, 1, 0, -2, 0, 2, -1, 1] delta=[-1, 0, -1, 6, -1, -4, -2, 0, 3, 2, -2, -1, 1]
CERT AAtataTTattAATT k=3 a=[1, 2, 0] t=[0, 2, 1] c=[0, 0, 0, 1, 1, -2] pot=[0, 1, 0] cp=[1, -1, 0, 1, 0, -1] delta=[1, -1, -1, -1, 0, 4, -1, -1, -1, 1]
CERT AAttAATTAtataTT k=6 a=[1, 2, 3, 0, 5, 4] t=[0, 2, 4, 5, 1, 3] c=[0, -1, 0, 0, 0, 1, 1, -2, 0, 0, 2, -1] pot=[0, -1, 0, 1, 1, 0] cp=[-1, 0, 1, -1, -1, 2, 1, -1, 1, -1, 0, 0] delta=[-1, 4, -5, 0, 15, -31, 24, 0, -24, 21, -6, 0, 4, -1]
CERT AAttAATTatAtaTT k=3 a=[1, 2, 0] t=[1, 2, 0] c=[0, 0, 0, 0, 1, 2] pot=[0, 0, 0] cp=[0, 0, 0, 0, 1, 2] delta=[-1, 4, -4, 1, -2, 3, 0, -2, 1]
CERT AAttAATTatataTT k=3 a=[1, 2, 0] t=[0, 2, 1] c=[0, 0, 0, 1, 1, -2] pot=[0, 0, -1] cp=[0, -1, 1, 1, 0, -1] delta=[1, -1, 1, -3, 0, 0, 3, -1, 1, -1]
CERT AAttATATAttaaTT k=6 a=[1, 2, 3, 4, 0, 5] t=[0, 3, 4, 1, 5, 2] c=[0, 1, 0, 0, 0, -1, 2, 3, 0, 0, 0, 3] pot=[0, 0, -1, -1, 0, 1] cp=[0, 0, 0, 1, 0, -1, 2, 2, 1, 1, 1, 1] delta=[-1, -1, 5, -3, 4, 8, -14, 15, -13, -5, 5, -7, 8, 0, 0, -1]
CERT AAtatAATTattaTT k=5 a=[1, 2, 3, 4, 0] t=[0, 2, 3, 4, 1] c=[0, 0, 0, 0, 0, -1, -1, 2, -1, -1] pot=[0, 0, 0, -1, -1] cp=[0, 0, -1, 0, 1, -1, -1, 1, -1, 0] delta=[1, -2, 1, 1, 0, -3, 3, 0, -1, -1, 2, -1]
