valid patterns 6 symmetric orbits 5 [[(0, 1, 1, 0)], [(0, 1, 1, 1)], [(1, 0, 1, 1), (1, 1, 0, 1)], [(1, 1, 1, 0)], [(1, 1, 1, 1)]]
K 2 configurations 6
surviving S masks 8
S 6 [[(0, 1, 1, 1)], [(1, 0, 1, 1), (1, 1, 0, 1)]]
S 7 [[(0, 1, 1, 0)], [(0, 1, 1, 1)], [(1, 0, 1, 1), (1, 1, 0, 1)]]
S 12 [[(1, 0, 1, 1), (1, 1, 0, 1)], [(1, 1, 1, 0)]]
S 13 [[(0, 1, 1, 0)], [(1, 0, 1, 1), (1, 1, 0, 1)], [(1, 1, 1, 0)]]
S 18 [[(0, 1, 1, 1)], [(1, 1, 1, 1)]]
S 19 [[(0, 1, 1, 0)], [(0, 1, 1, 1)], [(1, 1, 1, 1)]]
S 24 [[(1, 1, 1, 0)], [(1, 1, 1, 1)]]
S 25 [[(0, 1, 1, 0)], [(1, 1, 1, 0)], [(1, 1, 1, 1)]]
