1098 XXYxY XYYYYXy 120 2,6,1,12,15,18,20,22,3,16,7,8,4,33,36,5,40,9,24,19,46,31,48,27,10,51,11,44,49,42,13,29,30,14,38,25,62,41,37,61,17,59,53,67,50,45,21,57,23,71,39,26,54,28,79,81,32,82,34,58,35,52,87,86,89,65,43,92,93,94,47,70,97,73,88,75,101,68,74,55,84,56,105,60,63,100,66,64,85,108,77,91,96,69,103,72,80,112,113,76,78,109,110,90,104,83,102,106,114,98,95,111,107,99,117,118,120,119,115,116 4,7,10,14,1,15,21,2,24,26,3,29,9,35,37,38,5,22,6,44,32,42,8,50,18,43,53,11,55,12,48,13,58,31,25,40,28,63,16,65,33,17,19,68,20,70,27,73,46,23,75,36,77,51,60,30,71,83,81,34,59,86,76,39,64,41,62,72,45,95,93,47,56,49,99,52,69,54,103,57,90,79,85,97,61,102,105,87,108,66,67,109,98,92,80,101,112,74,91,89,113,78,115,82,117,84,88,118,119,94,96,116,120,100,106,104,114,107,111,110
2685 XXYxY XXXYYYYY 120 2,6,1,12,15,18,20,22,3,16,7,8,4,33,36,5,40,9,24,19,46,31,48,27,10,51,11,44,49,42,13,29,30,14,38,25,62,41,37,61,17,59,53,67,50,45,21,57,23,71,39,26,54,28,79,81,32,82,34,58,35,52,87,86,89,65,43,92,93,94,47,70,97,73,88,75,101,68,74,55,84,56,105,60,63,100,66,64,85,108,77,91,96,69,103,72,80,112,113,76,78,109,110,90,104,83,102,106,114,98,95,111,107,99,117,118,120,119,115,116 4,7,10,14,1,15,21,2,24,26,3,29,9,35,37,38,5,22,6,44,32,42,8,50,18,43,53,11,55,12,48,13,58,31,25,40,28,63,16,65,33,17,19,68,20,70,27,73,46,23,75,36,77,51,60,30,71,83,81,34,59,86,76,39,64,41,62,72,45,95,93,47,56,49,99,52,69,54,103,57,90,79,85,97,61,102,105,87,108,66,67,109,98,92,80,101,112,74,91,89,113,78,115,82,117,84,88,118,119,94,96,116,120,100,106,104,114,107,111,110
2706 XXYxY XYYYXyxy 120 2,6,1,12,15,18,20,22,3,16,7,8,4,33,36,5,40,9,24,19,46,31,48,27,10,51,11,44,49,42,13,29,30,14,38,25,62,41,37,61,17,59,53,67,50,45,21,57,23,71,39,26,54,28,79,81,32,82,34,58,35,52,87,86,89,65,43,92,93,94,47,70,97,73,88,75,101,68,74,55,84,56,105,60,63,100,66,64,85,108,77,91,96,69,103,72,80,112,113,76,78,109,110,90,104,83,102,106,114,98,95,111,107,99,117,118,120,119,115,116 4,7,10,14,1,15,21,2,24,26,3,29,9,35,37,38,5,22,6,44,32,42,8,50,18,43,53,11,55,12,48,13,58,31,25,40,28,63,16,65,33,17,19,68,20,70,27,73,46,23,75,36,77,51,60,30,71,83,81,34,59,86,76,39,64,41,62,72,45,95,93,47,56,49,99,52,69,54,103,57,90,79,85,97,61,102,105,87,108,66,67,109,98,92,80,101,112,74,91,89,113,78,115,82,117,84,88,118,119,94,96,116,120,100,106,104,114,107,111,110
3415 XYXYXy XXXXXYY 120 2,6,1,12,15,17,20,23,3,28,31,33,4,22,35,5,30,37,39,41,7,25,43,8,9,45,47,49,10,14,51,11,36,13,34,16,57,18,59,19,44,21,42,24,65,26,67,27,52,29,50,32,72,71,75,76,60,38,58,40,56,55,83,84,68,46,66,48,88,87,91,92,53,54,95,96,64,63,99,100,61,62,101,102,79,80,105,106,69,70,93,94,73,74,81,82,77,78,113,114,97,98,85,86,107,108,89,90,117,118,109,110,104,103,111,112,120,119,115,116 4,7,10,14,1,18,22,2,26,30,3,29,23,5,32,20,27,25,6,13,39,8,16,37,19,17,9,46,15,11,48,12,53,55,54,56,21,45,24,47,61,63,62,64,40,31,38,28,69,71,70,72,35,33,36,34,77,79,78,80,43,41,44,42,85,87,86,88,51,49,52,50,75,76,74,73,59,57,60,58,83,84,82,81,67,65,68,66,91,92,90,89,109,110,111,112,99,100,98,97,115,116,105,106,104,103,117,118,94,93,96,95,119,120,102,101,108,107,114,113
3467 XYXyxy XXXyxxy 120 2,6,1,12,15,18,21,24,3,30,33,36,4,39,42,5,45,48,50,52,54,7,41,57,8,43,9,25,37,20,10,68,22,11,70,72,13,32,75,14,78,19,80,16,83,17,35,88,90,79,56,94,58,96,23,98,49,100,26,27,66,28,53,29,105,31,63,95,34,76,65,111,38,107,112,40,74,113,114,92,84,44,55,109,46,47,64,60,103,99,93,51,117,89,118,108,77,120,104,115,81,59,61,62,73,67,119,69,116,71,87,86,85,82,91,97,106,110,101,102 4,7,10,14,1,19,23,2,28,32,3,21,38,41,22,25,5,49,51,6,50,40,56,42,30,8,44,63,9,12,67,39,13,16,11,18,31,74,54,77,79,55,15,59,33,26,17,89,91,90,93,57,20,48,97,99,92,24,53,69,27,102,68,34,29,62,107,36,46,37,35,94,106,78,72,73,98,96,88,83,43,85,76,45,101,81,47,87,71,103,65,116,61,115,52,111,117,114,60,80,58,119,64,82,66,120,75,86,70,84,110,118,112,108,109,105,104,100,95,113
3479 XYXyxy XXyxYxy 120 2,6,1,12,15,18,21,24,3,30,33,36,4,39,42,5,45,48,50,52,54,7,41,57,8,43,9,25,37,20,10,68,22,11,70,72,13,32,75,14,78,19,80,16,83,17,35,88,90,79,56,94,58,96,23,98,49,100,26,27,66,28,53,29,105,31,63,95,34,76,65,111,38,107,112,40,74,113,114,92,84,44,55,109,46,47,64,60,103,99,93,51,117,89,118,108,77,120,104,115,81,59,61,62,73,67,119,69,116,71,87,86,85,82,91,97,106,110,101,102 4,7,10,14,1,19,23,2,28,32,3,21,38,41,22,25,5,49,51,6,50,40,56,42,30,8,44,63,9,12,67,39,13,16,11,18,31,74,54,77,79,55,15,59,33,26,17,89,91,90,93,57,20,48,97,99,92,24,53,69,27,102,68,34,29,62,107,36,46,37,35,94,106,78,72,73,98,96,88,83,43,85,76,45,101,81,47,87,71,103,65,116,61,115,52,111,117,114,60,80,58,119,64,82,66,120,75,86,70,84,110,118,112,108,109,105,104,100,95,113
6821 XXXYxxY XXYxyxY 120 2,6,1,12,15,18,21,24,3,30,33,36,4,39,42,5,45,48,50,52,54,7,37,57,8,47,9,43,22,25,10,67,19,11,71,20,72,13,75,14,32,80,16,35,83,17,86,88,90,92,55,87,59,49,96,23,99,26,101,27,69,28,104,29,51,31,84,63,34,65,93,94,76,38,58,107,40,41,62,114,44,110,113,46,82,112,111,60,103,102,95,89,116,53,119,115,73,56,106,85,120,105,61,81,64,66,118,68,70,117,74,77,78,79,91,108,97,100,109,98 4,7,10,14,1,19,23,2,28,32,3,37,31,41,33,30,5,42,51,6,55,13,40,15,12,8,61,63,9,39,62,68,22,43,11,21,73,27,76,66,79,71,67,16,35,25,17,57,18,93,56,24,20,50,97,38,45,36,26,102,95,103,91,69,29,60,107,89,104,34,65,96,78,105,72,108,74,106,88,83,84,44,110,75,46,82,47,87,48,52,49,80,117,54,53,116,77,64,86,58,85,59,90,118,119,111,115,114,81,70,101,120,112,99,92,113,98,94,100,109
7400 XXYxY XYXYxyyxY 120 2,6,1,12,15,18,20,22,3,16,7,8,4,33,36,5,40,9,24,19,46,31,48,27,10,51,11,44,49,42,13,29,30,14,38,25,62,41,37,61,17,59,53,67,50,45,21,57,23,71,39,26,54,28,79,81,32,82,34,58,35,52,87,86,89,65,43,92,93,94,47,70,97,73,88,75,101,68,74,55,84,56,105,60,63,100,66,64,85,108,77,91,96,69,103,72,80,112,113,76,78,109,110,90,104,83,102,106,114,98,95,111,107,99,117,118,120,119,115,116 4,7,10,14,1,15,21,2,24,26,3,29,9,35,37,38,5,22,6,44,32,42,8,50,18,43,53,11,55,12,48,13,58,31,25,40,28,63,16,65,33,17,19,68,20,70,27,73,46,23,75,36,77,51,60,30,71,83,81,34,59,86,76,39,64,41,62,72,45,95,93,47,56,49,99,52,69,54,103,57,90,79,85,97,61,102,105,87,108,66,67,109,98,92,80,101,112,74,91,89,113,78,115,82,117,84,88,118,119,94,96,116,120,100,106,104,114,107,111,110
7407 XXYxY XYYYYYYXy 7 1,4,2,3,6,7,5 2,4,1,6,3,7,5
7548 XXYxyxY XYYXyxy 120 2,6,1,12,15,18,21,24,3,30,33,36,4,39,42,5,45,48,50,52,54,7,37,57,8,47,9,43,22,25,10,67,19,11,71,20,72,13,75,14,32,80,16,35,83,17,86,88,90,92,55,87,59,49,96,23,99,26,101,27,69,28,104,29,51,31,84,63,34,65,93,94,76,38,58,107,40,41,62,114,44,110,113,46,82,112,111,60,103,102,95,89,116,53,119,115,73,56,106,85,120,105,61,81,64,66,118,68,70,117,74,77,78,79,91,108,97,100,109,98 4,7,10,14,1,19,23,2,28,32,3,37,31,41,33,30,5,42,51,6,55,13,40,15,12,8,61,63,9,39,62,68,22,43,11,21,73,27,76,66,79,71,67,16,35,25,17,57,18,93,56,24,20,50,97,38,45,36,26,102,95,103,91,69,29,60,107,89,104,34,65,96,78,105,72,108,74,106,88,83,84,44,110,75,46,82,47,87,48,52,49,80,117,54,53,116,77,64,86,58,85,59,90,118,119,111,115,114,81,70,101,120,112,99,92,113,98,94,100,109
16132 XXXXXYY XYYYXyXy 120 2,6,1,12,15,17,20,23,3,28,31,33,4,22,35,5,30,37,39,41,7,25,43,8,9,45,47,49,10,14,51,11,36,13,34,16,57,18,59,19,44,21,42,24,65,26,67,27,52,29,50,32,72,71,75,76,60,38,58,40,56,55,83,84,68,46,66,48,88,87,91,92,53,54,95,96,64,63,99,100,61,62,101,102,79,80,105,106,69,70,93,94,73,74,81,82,77,78,113,114,97,98,85,86,107,108,89,90,117,118,109,110,104,103,111,112,120,119,115,116 4,7,10,14,1,18,22,2,26,30,3,29,23,5,32,20,27,25,6,13,39,8,16,37,19,17,9,46,15,11,48,12,53,55,54,56,21,45,24,47,61,63,62,64,40,31,38,28,69,71,70,72,35,33,36,34,77,79,78,80,43,41,44,42,85,87,86,88,51,49,52,50,75,76,74,73,59,57,60,58,83,84,82,81,67,65,68,66,91,92,90,89,109,110,111,112,99,100,98,97,115,116,105,106,104,103,117,118,94,93,96,95,119,120,102,101,108,107,114,113
16243 XXXXYxY XXXXXYYY 120 2,6,1,12,15,18,21,17,3,28,30,32,4,10,38,5,42,39,44,24,47,7,8,51,9,52,19,40,26,56,11,23,61,13,25,14,35,64,37,16,66,63,46,68,20,71,45,59,22,76,75,57,27,80,29,82,31,84,85,41,87,33,34,36,58,90,43,67,72,94,78,95,50,48,49,98,99,53,91,101,54,55,79,104,96,60,86,62,65,88,109,70,69,112,110,73,74,97,115,77,89,81,83,102,107,108,117,118,116,92,93,111,105,106,103,100,120,119,113,114 4,7,10,14,1,19,13,2,26,29,3,33,35,37,11,12,5,30,22,6,48,25,21,8,46,43,9,54,39,27,28,59,36,51,24,42,17,58,15,61,16,41,18,69,44,20,72,34,71,23,50,77,52,55,38,79,80,31,62,32,81,63,76,66,40,65,56,91,49,45,70,74,47,75,94,60,67,99,53,100,64,84,57,83,105,85,107,98,87,108,93,68,78,73,113,95,112,106,92,82,117,90,101,118,88,86,102,89,119,109,115,114,97,96,120,104,116,103,111,110
16249 XXXXYxY XXXYxyxY 120 2,6,1,12,15,18,21,17,3,28,30,32,4,10,38,5,42,39,44,24,47,7,8,51,9,52,19,40,26,56,11,23,61,13,25,14,35,64,37,16,66,63,46,68,20,71,45,59,22,76,75,57,27,80,29,82,31,84,85,41,87,33,34,36,58,90,43,67,72,94,78,95,50,48,49,98,99,53,91,101,54,55,79,104,96,60,86,62,65,88,109,70,69,112,110,73,74,97,115,77,89,81,83,102,107,108,117,118,116,92,93,111,105,106,103,100,120,119,113,114 4,7,10,14,1,19,13,2,26,29,3,33,35,37,11,12,5,30,22,6,48,25,21,8,46,43,9,54,39,27,28,59,36,51,24,42,17,58,15,61,16,41,18,69,44,20,72,34,71,23,50,77,52,55,38,79,80,31,62,32,81,63,76,66,40,65,56,91,49,45,70,74,47,75,94,60,67,99,53,100,64,84,57,83,105,85,107,98,87,108,93,68,78,73,113,95,112,106,92,82,117,90,101,118,88,86,102,89,119,109,115,114,97,96,120,104,116,103,111,110
16992 XXXYY XYXYXYXYXy 120 2,6,1,12,15,14,17,19,3,21,23,16,4,9,13,5,20,7,18,8,24,10,22,11,37,39,41,43,45,47,49,51,53,55,57,59,40,25,38,26,44,27,42,28,48,29,46,30,52,31,50,32,56,33,54,34,60,35,58,36,73,75,77,79,81,83,85,87,89,91,93,95,76,61,74,62,80,63,78,64,84,65,82,66,88,67,86,68,92,69,90,70,96,71,94,72,108,107,111,112,100,99,113,114,103,104,109,110,97,98,101,102,106,105,120,119,115,116,117,118 4,7,10,14,1,11,9,2,8,6,3,25,27,5,26,28,29,31,30,32,33,35,34,36,15,12,16,13,19,17,20,18,23,21,24,22,60,61,58,62,63,45,64,47,44,65,42,66,67,55,68,53,50,69,52,70,71,37,72,39,40,38,43,41,48,46,51,49,56,54,59,57,97,79,98,77,74,99,76,100,101,87,102,85,82,103,84,104,105,95,106,93,90,107,92,108,75,73,80,78,83,81,88,86,91,89,96,94,115,116,117,118,119,120,110,109,112,111,114,113
18488 XXYXyXY XXXXYYxy 120 2,6,1,12,14,16,19,21,3,26,28,30,4,36,5,31,40,44,35,7,48,8,9,18,53,54,10,33,11,59,45,25,13,62,64,20,29,61,15,47,23,51,17,70,41,72,74,43,65,22,69,24,55,80,27,83,32,82,37,56,86,87,34,39,89,38,42,91,77,67,75,95,46,50,97,49,52,93,99,57,78,102,103,58,60,88,90,63,96,66,109,68,111,71,98,73,110,76,115,79,81,85,104,84,117,118,105,106,112,92,116,94,107,108,101,100,120,119,113,114 4,7,10,5,1,17,8,2,24,11,3,31,34,37,40,42,18,6,45,46,39,51,22,25,9,16,56,57,19,27,32,12,60,35,13,63,38,14,49,41,15,26,68,50,29,47,20,73,21,71,23,78,67,52,81,30,58,28,84,61,33,59,65,66,36,72,79,69,43,92,44,64,75,76,48,91,94,54,53,100,82,55,80,62,105,104,85,107,90,108,74,93,70,99,88,113,98,114,77,83,117,116,101,106,87,86,95,89,96,119,112,120,109,97,110,118,103,102,115,111
19009 XXYxY XXXYYYYYYY 7 1,4,2,3,6,7,5 2,4,1,6,3,7,5
19099 XXYxY XXYxxYxyyy 120 2,6,1,12,15,18,20,22,3,16,7,8,4,33,36,5,40,9,24,19,46,31,48,27,10,51,11,44,49,42,13,29,30,14,38,25,62,41,37,61,17,59,53,67,50,45,21,57,23,71,39,26,54,28,79,81,32,82,34,58,35,52,87,86,89,65,43,92,93,94,47,70,97,73,88,75,101,68,74,55,84,56,105,60,63,100,66,64,85,108,77,91,96,69,103,72,80,112,113,76,78,109,110,90,104,83,102,106,114,98,95,111,107,99,117,118,120,119,115,116 4,7,10,14,1,15,21,2,24,26,3,29,9,35,37,38,5,22,6,44,32,42,8,50,18,43,53,11,55,12,48,13,58,31,25,40,28,63,16,65,33,17,19,68,20,70,27,73,46,23,75,36,77,51,60,30,71,83,81,34,59,86,76,39,64,41,62,72,45,95,93,47,56,49,99,52,69,54,103,57,90,79,85,97,61,102,105,87,108,66,67,109,98,92,80,101,112,74,91,89,113,78,115,82,117,84,88,118,119,94,96,116,120,100,106,104,114,107,111,110
19102 XXYxY XXYxyxYxyy 120 2,6,1,12,15,18,20,22,3,16,7,8,4,33,36,5,40,9,24,19,46,31,48,27,10,51,11,44,49,42,13,29,30,14,38,25,62,41,37,61,17,59,53,67,50,45,21,57,23,71,39,26,54,28,79,81,32,82,34,58,35,52,87,86,89,65,43,92,93,94,47,70,97,73,88,75,101,68,74,55,84,56,105,60,63,100,66,64,85,108,77,91,96,69,103,72,80,112,113,76,78,109,110,90,104,83,102,106,114,98,95,111,107,99,117,118,120,119,115,116 4,7,10,14,1,15,21,2,24,26,3,29,9,35,37,38,5,22,6,44,32,42,8,50,18,43,53,11,55,12,48,13,58,31,25,40,28,63,16,65,33,17,19,68,20,70,27,73,46,23,75,36,77,51,60,30,71,83,81,34,59,86,76,39,64,41,62,72,45,95,93,47,56,49,99,52,69,54,103,57,90,79,85,97,61,102,105,87,108,66,67,109,98,92,80,101,112,74,91,89,113,78,115,82,117,84,88,118,119,94,96,116,120,100,106,104,114,107,111,110
19106 XXYxY XXYxyyxYxy 120 2,6,1,12,15,18,20,22,3,16,7,8,4,33,36,5,40,9,24,19,46,31,48,27,10,51,11,44,49,42,13,29,30,14,38,25,62,41,37,61,17,59,53,67,50,45,21,57,23,71,39,26,54,28,79,81,32,82,34,58,35,52,87,86,89,65,43,92,93,94,47,70,97,73,88,75,101,68,74,55,84,56,105,60,63,100,66,64,85,108,77,91,96,69,103,72,80,112,113,76,78,109,110,90,104,83,102,106,114,98,95,111,107,99,117,118,120,119,115,116 4,7,10,14,1,15,21,2,24,26,3,29,9,35,37,38,5,22,6,44,32,42,8,50,18,43,53,11,55,12,48,13,58,31,25,40,28,63,16,65,33,17,19,68,20,70,27,73,46,23,75,36,77,51,60,30,71,83,81,34,59,86,76,39,64,41,62,72,45,95,93,47,56,49,99,52,69,54,103,57,90,79,85,97,61,102,105,87,108,66,67,109,98,92,80,101,112,74,91,89,113,78,115,82,117,84,88,118,119,94,96,116,120,100,106,104,114,107,111,110
19119 XXYxY XYXYXYxyxY 120 2,6,1,12,15,18,20,22,3,16,7,8,4,33,36,5,40,9,24,19,46,31,48,27,10,51,11,44,49,42,13,29,30,14,38,25,62,41,37,61,17,59,53,67,50,45,21,57,23,71,39,26,54,28,79,81,32,82,34,58,35,52,87,86,89,65,43,92,93,94,47,70,97,73,88,75,101,68,74,55,84,56,105,60,63,100,66,64,85,108,77,91,96,69,103,72,80,112,113,76,78,109,110,90,104,83,102,106,114,98,95,111,107,99,117,118,120,119,115,116 4,7,10,14,1,15,21,2,24,26,3,29,9,35,37,38,5,22,6,44,32,42,8,50,18,43,53,11,55,12,48,13,58,31,25,40,28,63,16,65,33,17,19,68,20,70,27,73,46,23,75,36,77,51,60,30,71,83,81,34,59,86,76,39,64,41,62,72,45,95,93,47,56,49,99,52,69,54,103,57,90,79,85,97,61,102,105,87,108,66,67,109,98,92,80,101,112,74,91,89,113,78,115,82,117,84,88,118,119,94,96,116,120,100,106,104,114,107,111,110
19146 XXYxY XYYYYYXyxy 7 1,4,2,3,6,7,5 2,4,1,6,3,7,5
19149 XXYxY XYYYYxyXyy 120 2,6,1,12,15,18,20,22,3,16,7,8,4,33,36,5,40,9,24,19,46,31,48,27,10,51,11,44,49,42,13,29,30,14,38,25,62,41,37,61,17,59,53,67,50,45,21,57,23,71,39,26,54,28,79,81,32,82,34,58,35,52,87,86,89,65,43,92,93,94,47,70,97,73,88,75,101,68,74,55,84,56,105,60,63,100,66,64,85,108,77,91,96,69,103,72,80,112,113,76,78,109,110,90,104,83,102,106,114,98,95,111,107,99,117,118,120,119,115,116 4,7,10,14,1,15,21,2,24,26,3,29,9,35,37,38,5,22,6,44,32,42,8,50,18,43,53,11,55,12,48,13,58,31,25,40,28,63,16,65,33,17,19,68,20,70,27,73,46,23,75,36,77,51,60,30,71,83,81,34,59,86,76,39,64,41,62,72,45,95,93,47,56,49,99,52,69,54,103,57,90,79,85,97,61,102,105,87,108,66,67,109,98,92,80,101,112,74,91,89,113,78,115,82,117,84,88,118,119,94,96,116,120,100,106,104,114,107,111,110
19600 XXYxyxY XXXyxYxy 8 1,4,7,8,2,5,6,3 2,6,1,7,8,3,5,4
19646 XXYxyxY XYxYYYxY 120 2,6,1,12,15,9,20,23,3,28,31,34,4,39,42,5,47,50,52,55,7,58,60,8,49,66,38,36,10,73,75,11,78,37,80,72,13,83,84,14,30,44,18,16,24,74,92,17,70,96,98,95,19,65,57,103,21,105,22,45,26,53,41,25,35,71,111,27,102,109,87,29,108,67,76,32,99,97,33,101,91,88,100,86,114,40,61,107,43,46,116,93,48,85,62,89,117,115,51,68,54,56,112,81,106,59,118,63,64,94,90,69,82,120,77,119,79,113,104,110 4,7,10,14,1,18,22,2,26,30,3,35,23,41,43,45,5,51,6,56,52,40,61,62,8,67,9,70,15,74,21,44,11,20,81,12,82,13,85,72,87,78,38,73,39,16,33,36,17,97,59,29,100,19,50,104,88,94,37,47,31,58,24,34,25,92,99,76,27,91,28,113,114,89,102,111,32,69,71,115,63,75,65,80,79,53,118,42,107,93,46,116,84,48,49,66,119,110,57,98,55,54,90,86,103,68,60,109,105,64,120,96,83,112,117,77,108,95,106,101
24191 XYXYXy XXXXXXXYY 8 1,3,5,2,7,4,8,6 2,1,4,3,7,8,5,6
24202 XYXYXy XXXXYxYxy 120 2,6,1,12,15,17,20,23,3,28,31,33,4,22,35,5,30,37,39,41,7,25,43,8,9,45,47,49,10,14,51,11,36,13,34,16,57,18,59,19,44,21,42,24,65,26,67,27,52,29,50,32,72,71,75,76,60,38,58,40,56,55,83,84,68,46,66,48,88,87,91,92,53,54,95,96,64,63,99,100,61,62,101,102,79,80,105,106,69,70,93,94,73,74,81,82,77,78,113,114,97,98,85,86,107,108,89,90,117,118,109,110,104,103,111,112,120,119,115,116 4,7,10,14,1,18,22,2,26,30,3,29,23,5,32,20,27,25,6,13,39,8,16,37,19,17,9,46,15,11,48,12,53,55,54,56,21,45,24,47,61,63,62,64,40,31,38,28,69,71,70,72,35,33,36,34,77,79,78,80,43,41,44,42,85,87,86,88,51,49,52,50,75,76,74,73,59,57,60,58,83,84,82,81,67,65,68,66,91,92,90,89,109,110,111,112,99,100,98,97,115,116,105,106,104,103,117,118,94,93,96,95,119,120,102,101,108,107,114,113
24204 XYXYXy XXXXYxyxY 120 2,6,1,12,15,17,20,23,3,28,31,33,4,22,35,5,30,37,39,41,7,25,43,8,9,45,47,49,10,14,51,11,36,13,34,16,57,18,59,19,44,21,42,24,65,26,67,27,52,29,50,32,72,71,75,76,60,38,58,40,56,55,83,84,68,46,66,48,88,87,91,92,53,54,95,96,64,63,99,100,61,62,101,102,79,80,105,106,69,70,93,94,73,74,81,82,77,78,113,114,97,98,85,86,107,108,89,90,117,118,109,110,104,103,111,112,120,119,115,116 4,7,10,14,1,18,22,2,26,30,3,29,23,5,32,20,27,25,6,13,39,8,16,37,19,17,9,46,15,11,48,12,53,55,54,56,21,45,24,47,61,63,62,64,40,31,38,28,69,71,70,72,35,33,36,34,77,79,78,80,43,41,44,42,85,87,86,88,51,49,52,50,75,76,74,73,59,57,60,58,83,84,82,81,67,65,68,66,91,92,90,89,109,110,111,112,99,100,98,97,115,116,105,106,104,103,117,118,94,93,96,95,119,120,102,101,108,107,114,113
24468 XYXyxy XXXXXyxxy 8 1,4,7,3,2,8,6,5 2,6,1,4,8,7,5,3
24477 XYXyxy XXXXyxYxy 8 1,4,7,3,2,8,6,5 2,6,1,4,8,7,5,3
24480 XYXyxy XXXXyxyxy 120 2,6,1,12,15,18,21,24,3,30,33,36,4,39,42,5,45,48,50,52,54,7,41,57,8,43,9,25,37,20,10,68,22,11,70,72,13,32,75,14,78,19,80,16,83,17,35,88,90,79,56,94,58,96,23,98,49,100,26,27,66,28,53,29,105,31,63,95,34,76,65,111,38,107,112,40,74,113,114,92,84,44,55,109,46,47,64,60,103,99,93,51,117,89,118,108,77,120,104,115,81,59,61,62,73,67,119,69,116,71,87,86,85,82,91,97,106,110,101,102 4,7,10,14,1,19,23,2,28,32,3,21,38,41,22,25,5,49,51,6,50,40,56,42,30,8,44,63,9,12,67,39,13,16,11,18,31,74,54,77,79,55,15,59,33,26,17,89,91,90,93,57,20,48,97,99,92,24,53,69,27,102,68,34,29,62,107,36,46,37,35,94,106,78,72,73,98,96,88,83,43,85,76,45,101,81,47,87,71,103,65,116,61,115,52,111,117,114,60,80,58,119,64,82,66,120,75,86,70,84,110,118,112,108,109,105,104,100,95,113
24483 XYXyxy XXXXyyxyy 120 2,6,1,12,15,18,21,24,3,30,33,36,4,39,42,5,45,48,50,52,54,7,41,57,8,43,9,25,37,20,10,68,22,11,70,72,13,32,75,14,78,19,80,16,83,17,35,88,90,79,56,94,58,96,23,98,49,100,26,27,66,28,53,29,105,31,63,95,34,76,65,111,38,107,112,40,74,113,114,92,84,44,55,109,46,47,64,60,103,99,93,51,117,89,118,108,77,120,104,115,81,59,61,62,73,67,119,69,116,71,87,86,85,82,91,97,106,110,101,102 4,7,10,14,1,19,23,2,28,32,3,21,38,41,22,25,5,49,51,6,50,40,56,42,30,8,44,63,9,12,67,39,13,16,11,18,31,74,54,77,79,55,15,59,33,26,17,89,91,90,93,57,20,48,97,99,92,24,53,69,27,102,68,34,29,62,107,36,46,37,35,94,106,78,72,73,98,96,88,83,43,85,76,45,101,81,47,87,71,103,65,116,61,115,52,111,117,114,60,80,58,119,64,82,66,120,75,86,70,84,110,118,112,108,109,105,104,100,95,113
24513 XYXyxy XXXyxYYxy 8 1,4,7,3,2,8,6,5 2,6,1,4,8,7,5,3
