0 (((1, 1),), ((0, 1),), ((1, 1),), ((0, 1),))
1 (((1, 1),), ((0, 1),), ((2, 1),), ((0, 1),))
2 (((1, 1),), ((0, 1),), ((2, -1),), ((0, 1),))
3 (((1, 1),), ((1, 1),), ((2, 1),), ((0, 1),))
4 (((1, 1),), ((1, 1),), ((2, 1),), ((0, -1),))
5 (((1, 1),), ((1, 1),), ((2, -1),), ((0, 1),))
6 (((1, 1),), ((1, 1),), ((2, -1),), ((0, -1),))
7 (((1, 1),), ((2, 1),), ((2, 1),), ((0, 1),))
8 (((1, 1),), ((2, 1),), ((2, 1),), ((0, -1),))
9 (((1, 1),), ((2, 1),), ((2, -1),), ((0, 1),))
10 (((1, 1),), ((2, 1),), ((2, -1),), ((0, -1),))
11 (((1, 1),), ((3, 1),), ((2, 1),), ((0, 1),))
12 (((1, 1),), ((3, 1),), ((2, 1),), ((0, -1),))
13 (((1, 1),), ((3, 1),), ((2, -1),), ((0, 1),))
14 (((1, 1),), ((3, 1),), ((2, -1),), ((0, -1),))
15 (((1, 1),), ((0, -1),), ((1, 1),), ((0, -1),))
16 (((1, 1),), ((0, -1),), ((2, 1),), ((0, -1),))
17 (((1, 1),), ((0, -1),), ((2, -1),), ((0, -1),))
18 (((1, 1),), ((1, -1),), ((2, 1),), ((0, 1),))
19 (((1, 1),), ((1, -1),), ((2, 1),), ((0, -1),))
20 (((1, 1),), ((1, -1),), ((2, -1),), ((0, 1),))
21 (((1, 1),), ((1, -1),), ((2, -1),), ((0, -1),))
22 (((1, 1),), ((2, -1),), ((2, 1),), ((0, 1),))
23 (((1, 1),), ((2, -1),), ((2, 1),), ((0, -1),))
24 (((1, 1),), ((2, -1),), ((2, -1),), ((0, 1),))
25 (((1, 1),), ((2, -1),), ((2, -1),), ((0, -1),))
26 (((1, 1),), ((3, -1),), ((2, 1),), ((0, 1),))
27 (((1, 1),), ((3, -1),), ((2, 1),), ((0, -1),))
28 (((1, 1),), ((3, -1),), ((2, -1),), ((0, 1),))
29 (((1, 1),), ((3, -1),), ((2, -1),), ((0, -1),))
30 (((2, 1),), ((0, 1),), ((1, 1),), ((0, 1),))
31 (((2, 1),), ((0, 1),), ((2, 1),), ((0, 1),))
32 (((2, 1),), ((0, 1),), ((2, 1),), ((1, 1),))
33 (((2, 1),), ((0, 1),), ((2, 1),), ((2, 1),))
34 (((2, 1),), ((0, 1),), ((2, 1),), ((3, 1),))
35 (((2, 1),), ((0, 1),), ((2, 1),), ((1, -1),))
36 (((2, 1),), ((0, 1),), ((2, 1),), ((2, -1),))
37 (((2, 1),), ((0, 1),), ((2, 1),), ((3, -1),))
38 (((2, 1),), ((0, 1),), ((1, -1),), ((0, 1),))
39 (((2, 1),), ((1, 1),), ((2, 1),), ((0, 1),))
40 (((2, 1),), ((1, 1),), ((2, 1),), ((1, 1),))
41 (((2, 1),), ((1, 1),), ((2, 1),), ((2, 1),))
42 (((2, 1),), ((1, 1),), ((2, 1),), ((3, 1),))
43 (((2, 1),), ((1, 1),), ((2, 1),), ((0, -1),))
44 (((2, 1),), ((1, 1),), ((2, 1),), ((2, -1),))
45 (((2, 1),), ((1, 1),), ((2, 1),), ((3, -1),))
46 (((2, 1),), ((2, 1),), ((2, 1),), ((0, 1),))
47 (((2, 1),), ((2, 1),), ((2, 1),), ((1, 1),))
48 (((2, 1),), ((2, 1),), ((2, 1),), ((2, 1),))
49 (((2, 1),), ((2, 1),), ((2, 1),), ((3, 1),))
50 (((2, 1),), ((2, 1),), ((2, 1),), ((0, -1),))
51 (((2, 1),), ((2, 1),), ((2, 1),), ((1, -1),))
52 (((2, 1),), ((2, 1),), ((2, 1),), ((3, -1),))
53 (((2, 1),), ((3, 1),), ((2, 1),), ((0, 1),))
54 (((2, 1),), ((3, 1),), ((2, 1),), ((1, 1),))
55 (((2, 1),), ((3, 1),), ((2, 1),), ((2, 1),))
56 (((2, 1),), ((3, 1),), ((2, 1),), ((3, 1),))
57 (((2, 1),), ((3, 1),), ((2, 1),), ((0, -1),))
58 (((2, 1),), ((3, 1),), ((2, 1),), ((1, -1),))
59 (((2, 1),), ((3, 1),), ((2, 1),), ((2, -1),))
60 (((2, 1),), ((0, -1),), ((1, 1),), ((0, -1),))
61 (((2, 1),), ((0, -1),), ((2, 1),), ((1, 1),))
62 (((2, 1),), ((0, -1),), ((2, 1),), ((2, 1),))
63 (((2, 1),), ((0, -1),), ((2, 1),), ((3, 1),))
64 (((2, 1),), ((0, -1),), ((2, 1),), ((0, -1),))
65 (((2, 1),), ((0, -1),), ((2, 1),), ((1, -1),))
66 (((2, 1),), ((0, -1),), ((2, 1),), ((2, -1),))
67 (((2, 1),), ((0, -1),), ((2, 1),), ((3, -1),))
68 (((2, 1),), ((0, -1),), ((1, -1),), ((0, -1),))
69 (((2, 1),), ((1, -1),), ((2, 1),), ((0, 1),))
70 (((2, 1),), ((1, -1),), ((2, 1),), ((2, 1),))
71 (((2, 1),), ((1, -1),), ((2, 1),), ((3, 1),))
72 (((2, 1),), ((1, -1),), ((2, 1),), ((0, -1),))
73 (((2, 1),), ((1, -1),), ((2, 1),), ((1, -1),))
74 (((2, 1),), ((1, -1),), ((2, 1),), ((2, -1),))
75 (((2, 1),), ((1, -1),), ((2, 1),), ((3, -1),))
76 (((2, 1),), ((2, -1),), ((2, 1),), ((0, 1),))
77 (((2, 1),), ((2, -1),), ((2, 1),), ((1, 1),))
78 (((2, 1),), ((2, -1),), ((2, 1),), ((3, 1),))
79 (((2, 1),), ((2, -1),), ((2, 1),), ((0, -1),))
80 (((2, 1),), ((2, -1),), ((2, 1),), ((1, -1),))
81 (((2, 1),), ((2, -1),), ((2, 1),), ((2, -1),))
82 (((2, 1),), ((2, -1),), ((2, 1),), ((3, -1),))
83 (((2, 1),), ((3, -1),), ((2, 1),), ((0, 1),))
84 (((2, 1),), ((3, -1),), ((2, 1),), ((1, 1),))
85 (((2, 1),), ((3, -1),), ((2, 1),), ((2, 1),))
86 (((2, 1),), ((3, -1),), ((2, 1),), ((0, -1),))
87 (((2, 1),), ((3, -1),), ((2, 1),), ((1, -1),))
88 (((2, 1),), ((3, -1),), ((2, 1),), ((2, -1),))
89 (((2, 1),), ((3, -1),), ((2, 1),), ((3, -1),))
90 (((1, -1),), ((0, 1),), ((2, 1),), ((0, 1),))
91 (((1, -1),), ((0, 1),), ((1, -1),), ((0, 1),))
92 (((1, -1),), ((0, 1),), ((2, -1),), ((0, 1),))
93 (((1, -1),), ((1, 1),), ((2, 1),), ((0, 1),))
94 (((1, -1),), ((1, 1),), ((2, 1),), ((0, -1),))
95 (((1, -1),), ((1, 1),), ((2, -1),), ((0, 1),))
96 (((1, -1),), ((1, 1),), ((2, -1),), ((0, -1),))
97 (((1, -1),), ((2, 1),), ((2, 1),), ((0, 1),))
98 (((1, -1),), ((2, 1),), ((2, 1),), ((0, -1),))
99 (((1, -1),), ((2, 1),), ((2, -1),), ((0, 1),))
100 (((1, -1),), ((2, 1),), ((2, -1),), ((0, -1),))
101 (((1, -1),), ((3, 1),), ((2, 1),), ((0, 1),))
102 (((1, -1),), ((3, 1),), ((2, 1),), ((0, -1),))
103 (((1, -1),), ((3, 1),), ((2, -1),), ((0, 1),))
104 (((1, -1),), ((3, 1),), ((2, -1),), ((0, -1),))
105 (((1, -1),), ((0, -1),), ((2, 1),), ((0, -1),))
106 (((1, -1),), ((0, -1),), ((1, -1),), ((0, -1),))
107 (((1, -1),), ((0, -1),), ((2, -1),), ((0, -1),))
108 (((1, -1),), ((1, -1),), ((2, 1),), ((0, 1),))
109 (((1, -1),), ((1, -1),), ((2, 1),), ((0, -1),))
110 (((1, -1),), ((1, -1),), ((2, -1),), ((0, 1),))
111 (((1, -1),), ((1, -1),), ((2, -1),), ((0, -1),))
112 (((1, -1),), ((2, -1),), ((2, 1),), ((0, 1),))
113 (((1, -1),), ((2, -1),), ((2, 1),), ((0, -1),))
114 (((1, -1),), ((2, -1),), ((2, -1),), ((0, 1),))
115 (((1, -1),), ((2, -1),), ((2, -1),), ((0, -1),))
116 (((1, -1),), ((3, -1),), ((2, 1),), ((0, 1),))
117 (((1, -1),), ((3, -1),), ((2, 1),), ((0, -1),))
118 (((1, -1),), ((3, -1),), ((2, -1),), ((0, 1),))
119 (((1, -1),), ((3, -1),), ((2, -1),), ((0, -1),))
120 (((2, -1),), ((0, 1),), ((1, 1),), ((0, 1),))
121 (((2, -1),), ((0, 1),), ((1, -1),), ((0, 1),))
122 (((2, -1),), ((0, 1),), ((2, -1),), ((0, 1),))
123 (((2, -1),), ((0, 1),), ((2, -1),), ((1, 1),))
124 (((2, -1),), ((0, 1),), ((2, -1),), ((2, 1),))
125 (((2, -1),), ((0, 1),), ((2, -1),), ((3, 1),))
126 (((2, -1),), ((0, 1),), ((2, -1),), ((1, -1),))
127 (((2, -1),), ((0, 1),), ((2, -1),), ((2, -1),))
128 (((2, -1),), ((0, 1),), ((2, -1),), ((3, -1),))
129 (((2, -1),), ((1, 1),), ((2, -1),), ((0, 1),))
130 (((2, -1),), ((1, 1),), ((2, -1),), ((1, 1),))
131 (((2, -1),), ((1, 1),), ((2, -1),), ((2, 1),))
132 (((2, -1),), ((1, 1),), ((2, -1),), ((3, 1),))
133 (((2, -1),), ((1, 1),), ((2, -1),), ((0, -1),))
134 (((2, -1),), ((1, 1),), ((2, -1),), ((2, -1),))
135 (((2, -1),), ((1, 1),), ((2, -1),), ((3, -1),))
136 (((2, -1),), ((2, 1),), ((2, -1),), ((0, 1),))
137 (((2, -1),), ((2, 1),), ((2, -1),), ((1, 1),))
138 (((2, -1),), ((2, 1),), ((2, -1),), ((2, 1),))
139 (((2, -1),), ((2, 1),), ((2, -1),), ((3, 1),))
140 (((2, -1),), ((2, 1),), ((2, -1),), ((0, -1),))
141 (((2, -1),), ((2, 1),), ((2, -1),), ((1, -1),))
142 (((2, -1),), ((2, 1),), ((2, -1),), ((3, -1),))
143 (((2, -1),), ((3, 1),), ((2, -1),), ((0, 1),))
144 (((2, -1),), ((3, 1),), ((2, -1),), ((1, 1),))
145 (((2, -1),), ((3, 1),), ((2, -1),), ((2, 1),))
146 (((2, -1),), ((3, 1),), ((2, -1),), ((3, 1),))
147 (((2, -1),), ((3, 1),), ((2, -1),), ((0, -1),))
148 (((2, -1),), ((3, 1),), ((2, -1),), ((1, -1),))
149 (((2, -1),), ((3, 1),), ((2, -1),), ((2, -1),))
150 (((2, -1),), ((0, -1),), ((1, 1),), ((0, -1),))
151 (((2, -1),), ((0, -1),), ((1, -1),), ((0, -1),))
152 (((2, -1),), ((0, -1),), ((2, -1),), ((1, 1),))
153 (((2, -1),), ((0, -1),), ((2, -1),), ((2, 1),))
154 (((2, -1),), ((0, -1),), ((2, -1),), ((3, 1),))
155 (((2, -1),), ((0, -1),), ((2, -1),), ((0, -1),))
156 (((2, -1),), ((0, -1),), ((2, -1),), ((1, -1),))
157 (((2, -1),), ((0, -1),), ((2, -1),), ((2, -1),))
158 (((2, -1),), ((0, -1),), ((2, -1),), ((3, -1),))
159 (((2, -1),), ((1, -1),), ((2, -1),), ((0, 1),))
160 (((2, -1),), ((1, -1),), ((2, -1),), ((2, 1),))
161 (((2, -1),), ((1, -1),), ((2, -1),), ((3, 1),))
162 (((2, -1),), ((1, -1),), ((2, -1),), ((0, -1),))
163 (((2, -1),), ((1, -1),), ((2, -1),), ((1, -1),))
164 (((2, -1),), ((1, -1),), ((2, -1),), ((2, -1),))
165 (((2, -1),), ((1, -1),), ((2, -1),), ((3, -1),))
166 (((2, -1),), ((2, -1),), ((2, -1),), ((0, 1),))
167 (((2, -1),), ((2, -1),), ((2, -1),), ((1, 1),))
168 (((2, -1),), ((2, -1),), ((2, -1),), ((3, 1),))
169 (((2, -1),), ((2, -1),), ((2, -1),), ((0, -1),))
170 (((2, -1),), ((2, -1),), ((2, -1),), ((1, -1),))
171 (((2, -1),), ((2, -1),), ((2, -1),), ((2, -1),))
172 (((2, -1),), ((2, -1),), ((2, -1),), ((3, -1),))
173 (((2, -1),), ((3, -1),), ((2, -1),), ((0, 1),))
174 (((2, -1),), ((3, -1),), ((2, -1),), ((1, 1),))
175 (((2, -1),), ((3, -1),), ((2, -1),), ((2, 1),))
176 (((2, -1),), ((3, -1),), ((2, -1),), ((0, -1),))
177 (((2, -1),), ((3, -1),), ((2, -1),), ((1, -1),))
178 (((2, -1),), ((3, -1),), ((2, -1),), ((2, -1),))
179 (((2, -1),), ((3, -1),), ((2, -1),), ((3, -1),))
