240 12
1 1 12 -1
0 0 39 -1
4 4 66 -1
6 6 93 -1
2 2 120 -1
8 8 119 -1
3 3 158 -1
10 10 92 -1
5 5 184 -1
11 11 65 -1
7 7 146 -1
9 9 38 -1
13 -1 -1 0
-1 12 -1 14
-1 -1 13 15
16 -1 14 -1
-1 15 17 -1
-1 -1 18 16
-1 19 -1 17
18 -1 20 239
-1 21 -1 19
20 -1 -1 22
23 -1 21 -1
-1 22 24 -1
25 -1 -1 23
-1 24 -1 26
27 -1 25 -1
-1 26 -1 28
-1 -1 27 29
-1 30 28 -1
29 -1 31 -1
32 -1 229 30
-1 31 -1 33
-1 -1 32 34
-1 35 33 -1
34 -1 36 -1
-1 -1 37 35
-1 38 -1 36
37 -1 -1 11
40 -1 -1 1
-1 39 -1 41
-1 -1 40 42
43 -1 41 -1
-1 42 44 -1
-1 -1 45 43
-1 46 -1 44
45 -1 47 217
-1 48 -1 46
47 -1 -1 49
50 -1 48 -1
-1 49 51 -1
52 -1 -1 50
-1 51 -1 53
54 -1 52 -1
-1 53 -1 55
-1 -1 54 56
-1 57 55 -1
56 -1 58 -1
59 -1 207 57
-1 58 -1 60
-1 -1 59 61
-1 62 60 -1
61 -1 63 -1
-1 -1 64 62
-1 65 -1 63
64 -1 -1 9
67 -1 -1 2
-1 66 -1 68
-1 -1 67 69
70 -1 68 -1
-1 69 71 -1
-1 -1 72 70
-1 73 -1 71
72 -1 74 195
-1 75 -1 73
74 -1 -1 76
77 -1 75 -1
-1 76 78 -1
79 -1 -1 77
-1 78 -1 80
81 -1 79 -1
-1 80 -1 82
-1 -1 81 83
-1 84 82 -1
83 -1 85 -1
86 -1 185 84
-1 85 -1 87
-1 -1 86 88
-1 89 87 -1
88 -1 90 -1
-1 -1 91 89
-1 92 -1 90
91 -1 -1 7
94 -1 -1 3
-1 93 -1 95
-1 -1 94 96
97 -1 95 -1
-1 96 98 -1
-1 -1 99 97
-1 100 -1 98
99 -1 101 157
-1 102 -1 100
101 -1 -1 103
104 -1 102 -1
-1 103 105 -1
106 -1 -1 104
-1 105 -1 107
108 -1 106 -1
-1 107 -1 109
-1 -1 108 110
-1 111 109 -1
110 -1 112 -1
113 -1 147 111
-1 112 -1 114
-1 -1 113 115
-1 116 114 -1
115 -1 117 -1
-1 -1 118 116
-1 119 -1 117
118 -1 -1 5
121 -1 -1 4
-1 120 -1 122
-1 -1 121 123
124 -1 122 -1
-1 123 125 -1
-1 -1 126 124
-1 127 -1 125
126 -1 128 228
-1 129 -1 127
128 -1 -1 130
131 -1 129 -1
-1 130 132 -1
133 -1 -1 131
-1 132 -1 134
135 -1 133 -1
-1 134 -1 136
-1 -1 135 137
-1 138 136 -1
137 -1 139 -1
140 -1 218 138
-1 139 -1 141
-1 -1 140 142
-1 143 141 -1
142 -1 144 -1
-1 -1 145 143
-1 146 -1 144
145 -1 -1 10
-1 148 -1 112
147 -1 -1 149
150 -1 148 -1
-1 149 151 -1
152 -1 -1 150
-1 151 -1 153
154 -1 152 -1
-1 153 -1 155
-1 -1 154 156
-1 157 155 -1
156 -1 100 -1
159 -1 -1 6
-1 158 -1 160
-1 -1 159 161
162 -1 160 -1
-1 161 163 -1
-1 -1 164 162
-1 165 -1 163
164 -1 166 206
-1 167 -1 165
166 -1 -1 168
169 -1 167 -1
-1 168 170 -1
171 -1 -1 169
-1 170 -1 172
173 -1 171 -1
-1 172 -1 174
-1 -1 173 175
-1 176 174 -1
175 -1 177 -1
178 -1 196 176
-1 177 -1 179
-1 -1 178 180
-1 181 179 -1
180 -1 182 -1
-1 -1 183 181
-1 184 -1 182
183 -1 -1 8
-1 186 -1 85
185 -1 -1 187
188 -1 186 -1
-1 187 189 -1
190 -1 -1 188
-1 189 -1 191
192 -1 190 -1
-1 191 -1 193
-1 -1 192 194
-1 195 193 -1
194 -1 73 -1
-1 197 -1 177
196 -1 -1 198
199 -1 197 -1
-1 198 200 -1
201 -1 -1 199
-1 200 -1 202
203 -1 201 -1
-1 202 -1 204
-1 -1 203 205
-1 206 204 -1
205 -1 165 -1
-1 208 -1 58
207 -1 -1 209
210 -1 208 -1
-1 209 211 -1
212 -1 -1 210
-1 211 -1 213
214 -1 212 -1
-1 213 -1 215
-1 -1 214 216
-1 217 215 -1
216 -1 46 -1
-1 219 -1 139
218 -1 -1 220
221 -1 219 -1
-1 220 222 -1
223 -1 -1 221
-1 222 -1 224
225 -1 223 -1
-1 224 -1 226
-1 -1 225 227
-1 228 226 -1
227 -1 127 -1
-1 230 -1 31
229 -1 -1 231
232 -1 230 -1
-1 231 233 -1
234 -1 -1 232
-1 233 -1 235
236 -1 234 -1
-1 235 -1 237
-1 -1 236 238
-1 239 237 -1
238 -1 19 -1
0 1 2 3 4 5 6 7 8 9 10 11 12 13 14 15 16 17 18 19 20 21 9 11 31 30 29 28 27 26 25 24 95 94 93 92 29 30 31 22 23 24 25 26 27 28 29 30 31 11 9 21 20 19 18 17 16 15 14 87 86 85 84 19 20 21 32 33 34 35 36 37 38 39 40 41 10 7 61 60 59 58 57 56 55 54 79 78 77 76 59 60 61 42 43 44 45 46 47 48 49 50 51 8 5 62 63 64 75 74 73 72 69 68 67 66 65 64 63 62 52 53 54 55 56 57 58 59 60 61 7 10 41 40 39 38 37 36 35 34 91 90 89 88 39 40 41 70 71 6 3 42 43 44 83 82 81 80 71 70 69 72 73 74 75 64 63 62 5 8 51 50 49 48 47 46 45 44 83 82 81 80 49 50 51 53 52 4 2 32 33 34 91 90 89 88 43 42 3 6 71 70 69 68 67 66 65 13 12 0 1 22 23 24 95 94 93 92 33 32 2 4 52 53 54 79 78 77 76 23 22 1 0 12 13 14 87 86 85 84
0 1 2 3 4 5 6 7 8 9 10 11 2 4 8 11 9 10 6 3 7 10 9 11 8 5 2 4 8 11 9 10 7 3 1 0 2 5 8 3 6 10 9 11 8 4 2 5 8 11 9 10 7 3 6 10 9 11 8 5 2 0 1 3 7 10 5 8 11 7 10 6 0 1 3 6 10 7 11 9 5 8 11 7 10 6 3 1 4 2 5 9 11 7 10 9 5 8 4 1 0 2 4 8 5 9 11 7 10 9 5 8 4 2 0 6 3 7 11 9 1 0 6 10 7 11 8 5 9 11 7 10 6 3 1 0 6 10 7 11 9 5 2 4 1 3 6 1 0 6 3 7 10 9 11 7 3 6 0 1 4 8 5 9 10 7 11 9 5 8 4 2 0 1 4 8 5 9 11 7 3 6 0 2 4 0 1 4 2 5 8 11 9 5 2 4 10 7 3 6 0 1 4 2 0 6 3 4 2 0 1 3 6 10 7 3 1 0 8 5 2 4 1 0 6 3 1 4 2 6 3 1 0 2 4 8 5 2 0 1
1056
0 209 1
0 232 1
35 217 1
61 238 1
72 135 1
100 172 1
100 182 1
114 204 1
121 185 1
148 158 1
185 223 1
73 144 1
0 35 0
0 61 0
0 72 0
0 100 0
0 114 0
0 121 0
0 135 0
0 148 0
0 158 0
0 172 0
0 182 0
0 185 0
0 200 0
0 204 0
0 217 0
0 223 0
0 238 0
35 61 0
35 72 0
35 100 0
35 114 0
35 121 0
35 135 0
35 148 0
35 158 0
35 172 0
35 182 0
35 185 0
35 200 0
35 204 0
35 209 0
35 223 0
35 232 0
35 238 0
61 72 0
61 100 0
61 114 0
61 121 0
61 135 0
61 148 0
61 158 0
61 172 0
61 182 0
61 185 0
61 200 0
61 204 0
61 209 0
61 217 0
61 223 0
61 232 0
72 100 0
72 114 0
72 121 0
72 148 0
72 158 0
72 172 0
72 182 0
72 185 0
72 200 0
72 204 0
72 209 0
72 217 0
72 223 0
72 232 0
72 238 0
100 114 0
100 121 0
100 135 0
100 148 0
100 158 0
100 185 0
100 200 0
100 204 0
100 209 0
100 217 0
100 223 0
100 232 0
100 238 0
114 121 0
114 135 0
114 148 0
114 158 0
114 172 0
114 182 0
114 185 0
114 200 0
114 209 0
114 217 0
114 223 0
114 232 0
114 238 0
121 135 0
121 148 0
121 158 0
121 172 0
121 182 0
121 200 0
121 204 0
121 209 0
121 217 0
121 232 0
121 238 0
135 148 0
135 158 0
135 172 0
135 182 0
135 185 0
135 200 0
135 204 0
135 209 0
135 217 0
135 223 0
135 232 0
135 238 0
148 172 0
148 182 0
148 185 0
148 204 0
148 209 0
148 217 0
148 223 0
148 232 0
148 238 0
158 172 0
158 182 0
158 185 0
158 204 0
158 209 0
158 217 0
158 223 0
158 232 0
158 238 0
172 185 0
172 200 0
172 204 0
172 209 0
172 217 0
172 223 0
172 232 0
172 238 0
182 185 0
182 200 0
182 204 0
182 209 0
182 217 0
182 223 0
182 232 0
182 238 0
185 200 0
185 204 0
185 209 0
185 217 0
185 232 0
185 238 0
200 204 0
200 209 0
200 217 0
200 223 0
200 232 0
200 238 0
204 209 0
204 217 0
204 223 0
204 232 0
204 238 0
209 217 0
209 223 0
209 238 0
217 223 0
217 232 0
217 238 0
223 232 0
223 238 0
232 238 0
1 87 0
1 144 0
1 226 0
34 62 0
34 73 0
34 87 0
34 120 0
34 134 0
34 144 0
34 186 0
34 222 0
34 226 0
34 231 0
34 239 0
62 87 0
62 99 0
62 144 0
62 147 0
62 159 0
62 173 0
62 201 0
62 210 0
62 216 0
62 226 0
73 87 0
73 99 0
73 147 0
73 159 0
73 173 0
73 201 0
73 210 0
73 216 0
73 226 0
87 99 0
87 120 0
87 134 0
87 144 0
87 147 0
87 159 0
87 173 0
87 186 0
87 201 0
87 210 0
87 216 0
87 222 0
87 231 0
87 239 0
99 120 0
99 134 0
99 144 0
99 186 0
99 222 0
99 226 0
99 231 0
99 239 0
120 144 0
120 147 0
120 159 0
120 173 0
120 201 0
120 210 0
120 216 0
120 226 0
134 147 0
134 159 0
134 173 0
134 201 0
134 210 0
134 216 0
134 226 0
144 147 0
144 159 0
144 173 0
144 186 0
144 201 0
144 210 0
144 216 0
144 222 0
144 226 0
144 231 0
144 239 0
147 186 0
147 222 0
147 226 0
147 231 0
147 239 0
159 186 0
159 222 0
159 226 0
159 231 0
159 239 0
173 186 0
173 222 0
173 226 0
173 231 0
173 239 0
186 201 0
186 210 0
186 216 0
186 226 0
201 222 0
201 226 0
201 231 0
201 239 0
210 222 0
210 226 0
210 239 0
216 222 0
216 226 0
216 231 0
216 239 0
222 226 0
226 231 0
226 239 0
2 12 0
2 26 0
2 36 0
2 46 0
2 60 0
2 101 0
2 171 0
2 183 0
2 208 0
2 233 0
2 237 0
12 26 0
12 89 0
12 142 0
12 188 0
12 194 0
12 220 0
12 228 0
26 60 0
26 89 0
26 101 0
26 113 0
26 142 0
26 171 0
26 183 0
26 188 0
26 194 0
26 203 0
26 208 0
26 220 0
26 228 0
26 233 0
26 237 0
36 89 0
36 142 0
36 188 0
36 194 0
36 220 0
36 228 0
46 89 0
46 142 0
46 188 0
46 194 0
46 220 0
46 228 0
60 89 0
60 142 0
60 188 0
60 194 0
60 220 0
60 228 0
89 101 0
89 113 0
89 142 0
89 171 0
89 183 0
89 188 0
89 194 0
89 203 0
89 208 0
89 233 0
89 237 0
101 142 0
101 188 0
101 194 0
101 220 0
101 228 0
113 220 0
113 228 0
142 171 0
142 183 0
142 208 0
142 220 0
142 228 0
142 233 0
142 237 0
171 188 0
171 194 0
171 220 0
171 228 0
183 188 0
183 194 0
183 220 0
183 228 0
188 208 0
188 228 0
188 233 0
188 237 0
194 208 0
194 220 0
194 228 0
194 233 0
194 237 0
203 220 0
203 228 0
208 220 0
208 228 0
220 233 0
220 237 0
228 233 0
228 237 0
3 19 0
3 33 0
3 39 0
3 53 0
3 63 0
3 74 0
3 133 0
3 145 0
3 211 0
3 215 0
3 230 0
19 116 0
19 150 0
19 156 0
19 180 0
19 198 0
19 206 0
33 53 0
33 116 0
33 150 0
33 156 0
33 180 0
33 198 0
33 206 0
39 53 0
39 116 0
39 150 0
39 156 0
39 180 0
39 198 0
39 206 0
53 74 0
53 86 0
53 116 0
53 133 0
53 145 0
53 150 0
53 156 0
53 180 0
53 198 0
53 206 0
53 211 0
53 215 0
53 225 0
53 230 0
63 116 0
63 150 0
63 156 0
63 180 0
63 198 0
63 206 0
74 116 0
74 150 0
74 156 0
74 180 0
74 198 0
74 206 0
86 116 0
86 198 0
86 206 0
116 133 0
116 145 0
116 150 0
116 156 0
116 180 0
116 211 0
116 215 0
116 225 0
116 230 0
133 150 0
133 156 0
133 180 0
133 198 0
133 206 0
145 150 0
145 156 0
145 180 0
145 198 0
145 206 0
150 206 0
150 211 0
150 215 0
150 230 0
156 198 0
156 206 0
156 211 0
156 215 0
156 230 0
180 198 0
180 206 0
180 211 0
180 215 0
180 230 0
198 211 0
198 215 0
198 225 0
198 230 0
206 211 0
206 215 0
206 225 0
206 230 0
13 98 0
13 102 0
13 112 0
13 143 0
13 160 0
13 170 0
13 174 0
13 184 0
13 187 0
13 195 0
13 202 0
27 98 0
27 102 0
27 112 0
27 143 0
27 160 0
27 170 0
27 174 0
27 184 0
27 187 0
27 195 0
27 202 0
45 98 0
45 102 0
45 112 0
45 143 0
45 160 0
45 170 0
45 174 0
45 184 0
45 187 0
45 195 0
45 202 0
88 102 0
88 170 0
88 184 0
98 102 0
98 170 0
98 184 0
98 207 0
98 234 0
102 160 0
102 174 0
102 207 0
102 221 0
102 227 0
102 234 0
112 207 0
112 234 0
143 207 0
143 234 0
160 170 0
160 184 0
160 207 0
160 234 0
170 207 0
170 221 0
170 227 0
170 234 0
174 207 0
174 234 0
184 207 0
184 221 0
184 227 0
184 234 0
187 207 0
187 234 0
195 207 0
195 234 0
202 207 0
202 234 0
5 25 0
5 37 0
5 47 0
5 66 0
5 80 0
5 90 0
5 127 0
5 141 0
5 189 0
5 193 0
5 219 0
25 80 0
25 96 0
25 104 0
25 110 0
25 162 0
25 168 0
25 176 0
37 80 0
37 96 0
37 104 0
37 110 0
37 162 0
37 168 0
37 176 0
47 80 0
47 96 0
47 104 0
47 110 0
47 162 0
47 168 0
47 176 0
59 80 0
59 96 0
59 168 0
59 176 0
66 80 0
66 96 0
66 104 0
66 110 0
66 162 0
66 168 0
66 176 0
80 96 0
80 104 0
80 110 0
80 141 0
80 162 0
80 168 0
80 176 0
80 189 0
80 193 0
80 219 0
80 236 0
90 96 0
90 104 0
90 110 0
90 162 0
90 168 0
90 176 0
96 104 0
96 110 0
96 127 0
96 141 0
96 189 0
96 193 0
96 219 0
96 236 0
104 127 0
104 141 0
104 176 0
104 189 0
104 193 0
104 219 0
110 127 0
110 141 0
110 168 0
110 176 0
110 189 0
110 193 0
110 219 0
127 162 0
127 168 0
127 176 0
141 162 0
141 168 0
141 176 0
162 168 0
162 189 0
162 193 0
162 219 0
168 189 0
168 193 0
168 219 0
168 236 0
176 189 0
176 193 0
176 219 0
176 236 0
18 71 0
18 75 0
18 85 0
18 122 0
18 132 0
18 136 0
18 146 0
18 149 0
18 157 0
18 181 0
18 224 0
40 71 0
40 75 0
40 85 0
40 122 0
40 132 0
40 136 0
40 146 0
40 149 0
40 157 0
40 181 0
40 224 0
54 71 0
54 75 0
54 85 0
54 122 0
54 132 0
54 136 0
54 146 0
54 149 0
54 157 0
54 181 0
54 224 0
71 75 0
71 132 0
71 146 0
71 212 0
71 229 0
75 115 0
75 122 0
75 136 0
75 199 0
75 205 0
75 212 0
75 229 0
85 212 0
85 229 0
115 132 0
115 146 0
122 132 0
122 146 0
122 212 0
122 229 0
132 199 0
132 205 0
132 212 0
132 229 0
136 212 0
136 229 0
146 199 0
146 205 0
146 212 0
146 229 0
149 212 0
149 229 0
157 212 0
157 229 0
181 212 0
181 229 0
212 224 0
224 229 0
7 20 0
7 52 0
7 64 0
7 93 0
7 107 0
7 117 0
7 151 0
7 155 0
7 165 0
7 179 0
7 197 0
20 69 0
20 77 0
20 83 0
20 107 0
20 124 0
20 130 0
20 138 0
32 69 0
32 107 0
32 130 0
32 138 0
52 69 0
52 77 0
52 83 0
52 107 0
52 124 0
52 130 0
52 138 0
64 69 0
64 77 0
64 83 0
64 107 0
64 124 0
64 130 0
64 138 0
69 77 0
69 93 0
69 107 0
69 117 0
69 151 0
69 155 0
69 165 0
69 179 0
69 197 0
69 214 0
77 93 0
77 107 0
77 117 0
77 151 0
77 155 0
77 165 0
77 179 0
77 197 0
83 93 0
83 107 0
83 117 0
83 130 0
83 151 0
83 155 0
83 165 0
83 179 0
83 197 0
93 124 0
93 130 0
93 138 0
107 124 0
107 130 0
107 138 0
107 151 0
107 155 0
107 214 0
117 124 0
117 130 0
117 138 0
124 130 0
124 151 0
124 155 0
124 165 0
124 179 0
124 197 0
130 151 0
130 155 0
130 165 0
130 179 0
130 197 0
130 214 0
138 151 0
138 155 0
138 165 0
138 179 0
138 197 0
138 214 0
14 24 0
14 38 0
14 48 0
14 67 0
14 81 0
14 126 0
14 190 0
14 218 0
24 44 0
24 67 0
24 81 0
24 97 0
24 126 0
24 169 0
24 175 0
24 190 0
24 218 0
28 48 0
28 67 0
28 81 0
28 126 0
28 190 0
28 218 0
38 44 0
38 67 0
38 81 0
38 97 0
38 126 0
38 169 0
38 175 0
38 190 0
38 218 0
44 48 0
44 67 0
44 81 0
44 126 0
44 190 0
44 218 0
48 67 0
48 81 0
48 97 0
48 126 0
48 169 0
48 175 0
48 190 0
48 218 0
58 67 0
58 81 0
58 126 0
58 190 0
58 218 0
67 103 0
67 111 0
67 161 0
67 235 0
81 103 0
81 111 0
81 161 0
81 235 0
103 126 0
103 190 0
103 218 0
111 126 0
111 190 0
111 218 0
126 161 0
126 235 0
161 190 0
161 218 0
190 235 0
218 235 0
9 79 0
9 91 0
9 95 0
9 105 0
9 109 0
9 119 0
9 128 0
9 153 0
9 163 0
9 167 0
9 177 0
16 22 0
16 79 0
16 91 0
16 95 0
16 105 0
16 109 0
16 119 0
16 128 0
16 153 0
16 163 0
16 167 0
16 177 0
22 56 0
22 79 0
22 91 0
22 95 0
22 105 0
22 109 0
22 119 0
22 128 0
22 140 0
22 153 0
22 163 0
22 167 0
22 177 0
22 192 0
30 79 0
30 91 0
30 95 0
30 105 0
30 109 0
30 119 0
30 128 0
30 140 0
30 153 0
30 163 0
30 167 0
30 177 0
30 192 0
42 50 0
42 79 0
42 91 0
42 95 0
42 105 0
42 109 0
42 119 0
42 128 0
42 140 0
42 153 0
42 163 0
42 167 0
42 177 0
42 192 0
50 79 0
50 91 0
50 95 0
50 105 0
50 109 0
50 119 0
50 128 0
50 153 0
50 163 0
50 167 0
50 177 0
56 79 0
56 91 0
56 95 0
56 105 0
56 109 0
56 119 0
56 128 0
56 153 0
56 163 0
56 167 0
56 177 0
79 153 0
91 153 0
128 153 0
140 153 0
153 192 0
21 70 0
21 131 0
21 137 0
51 70 0
51 131 0
51 137 0
65 70 0
65 131 0
65 137 0
76 94 0
76 108 0
76 152 0
76 164 0
76 196 0
84 94 0
84 108 0
84 152 0
84 164 0
84 196 0
94 123 0
94 213 0
108 123 0
108 213 0
123 152 0
123 164 0
123 196 0
152 213 0
164 213 0
196 213 0
15 106 0
15 118 0
15 154 0
15 166 0
15 178 0
23 78 0
23 92 0
23 129 0
29 78 0
29 92 0
29 129 0
43 78 0
43 92 0
43 129 0
49 106 0
49 118 0
49 154 0
49 166 0
49 178 0
57 106 0
57 118 0
57 154 0
57 166 0
57 178 0
106 191 0
118 191 0
154 191 0
166 191 0
178 191 0
12
0 1 2 3 4 5 6 7 8 9 10 11 12 13 14 15 16 17 18 19 20 21 22 23 24 25 26 27 28 29 30 31 32 33 34 35 36 37 38 39 40 41 42 43 44 45 46 47 48 49 50 51 52 53 54 55 56 57 58 59 60 61 62 63 64 65 66 67 68 69 70 71 72 73 74 75 76 77 78 79 80 81 82 83 84 85 86 87 88 89 90 91 92 93 94 95 96 97 98 99 100 101 102 103 104 105 106 107 108 109 110 111 112 113 114 115 116 117 118 119 120 121 122 123 124 125 126 127 128 129 130 131 132 133 134 135 136 137 138 139 140 141 142 143 144 145 146 147 148 149 150 151 152 153 154 155 156 157 158 159 160 161 162 163 164 165 166 167 168 169 170 171 172 173 174 175 176 177 178 179 180 181 182 183 184 185 186 187 188 189 190 191 192 193 194 195 196 197 198 199 200 201 202 203 204 205 206 207 208 209 210 211 212 213 214 215 216 217 218 219 220 221 222 223 224 225 226 227 228 229 230 231 232 233 234 235 236 237 238 239
1 0 3 2 6 7 4 5 10 11 8 9 39 40 41 42 43 44 45 46 47 48 49 50 51 52 53 54 55 56 57 58 59 60 61 62 63 64 65 12 13 14 15 16 17 18 19 20 21 22 23 24 25 26 27 28 29 30 31 32 33 34 35 36 37 38 93 94 95 96 97 98 99 100 101 102 103 104 105 106 107 108 109 110 111 112 113 114 115 116 117 118 119 66 67 68 69 70 71 72 73 74 75 76 77 78 79 80 81 82 83 84 85 86 87 88 89 90 91 92 158 159 160 161 162 163 164 165 166 167 168 169 170 171 172 173 174 175 176 177 178 179 180 181 182 183 184 185 186 187 188 189 190 191 192 193 194 195 120 121 122 123 124 125 126 127 128 129 130 131 132 133 134 135 136 137 138 139 140 141 142 143 144 145 146 147 148 149 150 151 152 153 154 155 156 157 218 219 220 221 222 223 224 225 226 227 228 229 230 231 232 233 234 235 236 237 238 239 196 197 198 199 200 201 202 203 204 205 206 207 208 209 210 211 212 213 214 215 216 217
2 4 5 1 8 9 0 3 11 10 6 7 66 67 68 69 70 71 72 73 74 75 76 77 78 79 80 81 82 83 84 85 86 87 88 89 90 91 92 120 121 122 123 124 125 126 127 128 129 130 131 132 133 134 135 136 137 138 139 140 141 142 143 144 145 146 119 118 117 116 115 114 113 112 147 148 149 150 151 152 153 154 155 156 157 100 99 98 97 96 95 94 93 39 40 41 42 43 44 45 46 47 48 49 50 51 52 53 54 55 56 57 58 59 60 61 62 63 64 65 184 183 182 181 180 179 178 177 196 197 198 199 200 201 202 203 204 205 206 165 164 163 162 161 160 159 158 207 208 209 210 211 212 213 214 215 216 217 12 13 14 15 16 17 18 19 20 21 22 23 24 25 26 27 28 29 30 31 32 33 34 35 36 37 38 101 102 103 104 105 106 107 108 109 110 111 229 230 231 232 233 234 235 236 237 238 239 218 219 220 221 222 223 224 225 226 227 228 166 167 168 169 170 171 172 173 174 175 176 185 186 187 188 189 190 191 192 193 194 195
3 6 7 0 10 11 1 2 9 8 4 5 93 94 95 96 97 98 99 100 101 102 103 104 105 106 107 108 109 110 111 112 113 114 115 116 117 118 119 158 159 160 161 162 163 164 165 166 167 168 169 170 171 172 173 174 175 176 177 178 179 180 181 182 183 184 92 91 90 89 88 87 86 85 185 186 187 188 189 190 191 192 193 194 195 73 72 71 70 69 68 67 66 12 13 14 15 16 17 18 19 20 21 22 23 24 25 26 27 28 29 30 31 32 33 34 35 36 37 38 146 145 144 143 142 141 140 139 218 219 220 221 222 223 224 225 226 227 228 127 126 125 124 123 122 121 120 229 230 231 232 233 234 235 236 237 238 239 39 40 41 42 43 44 45 46 47 48 49 50 51 52 53 54 55 56 57 58 59 60 61 62 63 64 65 74 75 76 77 78 79 80 81 82 83 84 207 208 209 210 211 212 213 214 215 216 217 196 197 198 199 200 201 202 203 204 205 206 128 129 130 131 132 133 134 135 136 137 138 147 148 149 150 151 152 153 154 155 156 157
4 2 1 5 0 3 8 9 6 7 11 10 120 121 122 123 124 125 126 127 128 129 130 131 132 133 134 135 136 137 138 139 140 141 142 143 144 145 146 66 67 68 69 70 71 72 73 74 75 76 77 78 79 80 81 82 83 84 85 86 87 88 89 90 91 92 39 40 41 42 43 44 45 46 47 48 49 50 51 52 53 54 55 56 57 58 59 60 61 62 63 64 65 119 118 117 116 115 114 113 112 147 148 149 150 151 152 153 154 155 156 157 100 99 98 97 96 95 94 93 12 13 14 15 16 17 18 19 20 21 22 23 24 25 26 27 28 29 30 31 32 33 34 35 36 37 38 101 102 103 104 105 106 107 108 109 110 111 184 183 182 181 180 179 178 177 196 197 198 199 200 201 202 203 204 205 206 165 164 163 162 161 160 159 158 207 208 209 210 211 212 213 214 215 216 217 166 167 168 169 170 171 172 173 174 175 176 185 186 187 188 189 190 191 192 193 194 195 229 230 231 232 233 234 235 236 237 238 239 218 219 220 221 222 223 224 225 226 227 228
5 8 9 4 11 10 2 1 7 6 0 3 119 118 117 116 115 114 113 112 147 148 149 150 151 152 153 154 155 156 157 100 99 98 97 96 95 94 93 184 183 182 181 180 179 178 177 196 197 198 199 200 201 202 203 204 205 206 165 164 163 162 161 160 159 158 65 64 63 62 61 60 59 58 207 208 209 210 211 212 213 214 215 216 217 46 45 44 43 42 41 40 39 120 121 122 123 124 125 126 127 128 129 130 131 132 133 134 135 136 137 138 139 140 141 142 143 144 145 146 38 37 36 35 34 33 32 31 229 230 231 232 233 234 235 236 237 238 239 19 18 17 16 15 14 13 12 218 219 220 221 222 223 224 225 226 227 228 66 67 68 69 70 71 72 73 74 75 76 77 78 79 80 81 82 83 84 85 86 87 88 89 90 91 92 47 48 49 50 51 52 53 54 55 56 57 185 186 187 188 189 190 191 192 193 194 195 166 167 168 169 170 171 172 173 174 175 176 20 21 22 23 24 25 26 27 28 29 30 101 102 103 104 105 106 107 108 109 110 111
6 3 0 7 1 2 10 11 4 5 9 8 158 159 160 161 162 163 164 165 166 167 168 169 170 171 172 173 174 175 176 177 178 179 180 181 182 183 184 93 94 95 96 97 98 99 100 101 102 103 104 105 106 107 108 109 110 111 112 113 114 115 116 117 118 119 12 13 14 15 16 17 18 19 20 21 22 23 24 25 26 27 28 29 30 31 32 33 34 35 36 37 38 92 91 90 89 88 87 86 85 185 186 187 188 189 190 191 192 193 194 195 73 72 71 70 69 68 67 66 39 40 41 42 43 44 45 46 47 48 49 50 51 52 53 54 55 56 57 58 59 60 61 62 63 64 65 74 75 76 77 78 79 80 81 82 83 84 146 145 144 143 142 141 140 139 218 219 220 221 222 223 224 225 226 227 228 127 126 125 124 123 122 121 120 229 230 231 232 233 234 235 236 237 238 239 128 129 130 131 132 133 134 135 136 137 138 147 148 149 150 151 152 153 154 155 156 157 207 208 209 210 211 212 213 214 215 216 217 196 197 198 199 200 201 202 203 204 205 206
7 10 11 6 9 8 3 0 5 4 1 2 92 91 90 89 88 87 86 85 185 186 187 188 189 190 191 192 193 194 195 73 72 71 70 69 68 67 66 146 145 144 143 142 141 140 139 218 219 220 221 222 223 224 225 226 227 228 127 126 125 124 123 122 121 120 38 37 36 35 34 33 32 31 229 230 231 232 233 234 235 236 237 238 239 19 18 17 16 15 14 13 12 158 159 160 161 162 163 164 165 166 167 168 169 170 171 172 173 174 175 176 177 178 179 180 181 182 183 184 65 64 63 62 61 60 59 58 207 208 209 210 211 212 213 214 215 216 217 46 45 44 43 42 41 40 39 196 197 198 199 200 201 202 203 204 205 206 93 94 95 96 97 98 99 100 101 102 103 104 105 106 107 108 109 110 111 112 113 114 115 116 117 118 119 20 21 22 23 24 25 26 27 28 29 30 147 148 149 150 151 152 153 154 155 156 157 128 129 130 131 132 133 134 135 136 137 138 47 48 49 50 51 52 53 54 55 56 57 74 75 76 77 78 79 80 81 82 83 84
8 5 4 9 2 1 11 10 0 3 7 6 184 183 182 181 180 179 178 177 196 197 198 199 200 201 202 203 204 205 206 165 164 163 162 161 160 159 158 119 118 117 116 115 114 113 112 147 148 149 150 151 152 153 154 155 156 157 100 99 98 97 96 95 94 93 120 121 122 123 124 125 126 127 128 129 130 131 132 133 134 135 136 137 138 139 140 141 142 143 144 145 146 65 64 63 62 61 60 59 58 207 208 209 210 211 212 213 214 215 216 217 46 45 44 43 42 41 40 39 66 67 68 69 70 71 72 73 74 75 76 77 78 79 80 81 82 83 84 85 86 87 88 89 90 91 92 47 48 49 50 51 52 53 54 55 56 57 38 37 36 35 34 33 32 31 229 230 231 232 233 234 235 236 237 238 239 19 18 17 16 15 14 13 12 218 219 220 221 222 223 224 225 226 227 228 20 21 22 23 24 25 26 27 28 29 30 101 102 103 104 105 106 107 108 109 110 111 185 186 187 188 189 190 191 192 193 194 195 166 167 168 169 170 171 172 173 174 175 176
9 11 10 8 7 6 5 4 3 0 2 1 65 64 63 62 61 60 59 58 207 208 209 210 211 212 213 214 215 216 217 46 45 44 43 42 41 40 39 38 37 36 35 34 33 32 31 229 230 231 232 233 234 235 236 237 238 239 19 18 17 16 15 14 13 12 146 145 144 143 142 141 140 139 218 219 220 221 222 223 224 225 226 227 228 127 126 125 124 123 122 121 120 184 183 182 181 180 179 178 177 196 197 198 199 200 201 202 203 204 205 206 165 164 163 162 161 160 159 158 92 91 90 89 88 87 86 85 185 186 187 188 189 190 191 192 193 194 195 73 72 71 70 69 68 67 66 166 167 168 169 170 171 172 173 174 175 176 119 118 117 116 115 114 113 112 147 148 149 150 151 152 153 154 155 156 157 100 99 98 97 96 95 94 93 128 129 130 131 132 133 134 135 136 137 138 101 102 103 104 105 106 107 108 109 110 111 20 21 22 23 24 25 26 27 28 29 30 74 75 76 77 78 79 80 81 82 83 84 47 48 49 50 51 52 53 54 55 56 57
10 7 6 11 3 0 9 8 1 2 5 4 146 145 144 143 142 141 140 139 218 219 220 221 222 223 224 225 226 227 228 127 126 125 124 123 122 121 120 92 91 90 89 88 87 86 85 185 186 187 188 189 190 191 192 193 194 195 73 72 71 70 69 68 67 66 158 159 160 161 162 163 164 165 166 167 168 169 170 171 172 173 174 175 176 177 178 179 180 181 182 183 184 38 37 36 35 34 33 32 31 229 230 231 232 233 234 235 236 237 238 239 19 18 17 16 15 14 13 12 93 94 95 96 97 98 99 100 101 102 103 104 105 106 107 108 109 110 111 112 113 114 115 116 117 118 119 20 21 22 23 24 25 26 27 28 29 30 65 64 63 62 61 60 59 58 207 208 209 210 211 212 213 214 215 216 217 46 45 44 43 42 41 40 39 196 197 198 199 200 201 202 203 204 205 206 47 48 49 50 51 52 53 54 55 56 57 74 75 76 77 78 79 80 81 82 83 84 147 148 149 150 151 152 153 154 155 156 157 128 129 130 131 132 133 134 135 136 137 138
11 9 8 10 5 4 7 6 2 1 3 0 38 37 36 35 34 33 32 31 229 230 231 232 233 234 235 236 237 238 239 19 18 17 16 15 14 13 12 65 64 63 62 61 60 59 58 207 208 209 210 211 212 213 214 215 216 217 46 45 44 43 42 41 40 39 184 183 182 181 180 179 178 177 196 197 198 199 200 201 202 203 204 205 206 165 164 163 162 161 160 159 158 146 145 144 143 142 141 140 139 218 219 220 221 222 223 224 225 226 227 228 127 126 125 124 123 122 121 120 119 118 117 116 115 114 113 112 147 148 149 150 151 152 153 154 155 156 157 100 99 98 97 96 95 94 93 128 129 130 131 132 133 134 135 136 137 138 92 91 90 89 88 87 86 85 185 186 187 188 189 190 191 192 193 194 195 73 72 71 70 69 68 67 66 166 167 168 169 170 171 172 173 174 175 176 74 75 76 77 78 79 80 81 82 83 84 47 48 49 50 51 52 53 54 55 56 57 101 102 103 104 105 106 107 108 109 110 111 20 21 22 23 24 25 26 27 28 29 30
