240 12
1 1 12 -1
0 0 39 -1
4 4 66 -1
5 5 93 -1
2 2 120 -1
3 3 147 -1
8 8 173 -1
9 9 146 -1
6 6 119 -1
7 7 92 -1
11 11 65 -1
10 10 38 -1
13 -1 -1 0
-1 12 -1 14
-1 -1 13 15
16 -1 14 -1
-1 15 17 -1
-1 -1 18 16
-1 19 -1 17
18 -1 20 239
-1 21 -1 19
20 -1 -1 22
23 -1 21 -1
-1 22 24 -1
25 -1 -1 23
-1 24 -1 26
27 -1 25 -1
-1 26 -1 28
-1 -1 27 29
-1 30 28 -1
29 -1 31 -1
32 -1 229 30
-1 31 -1 33
-1 -1 32 34
-1 35 33 -1
34 -1 36 -1
-1 -1 37 35
-1 38 -1 36
37 -1 -1 11
40 -1 -1 1
-1 39 -1 41
-1 -1 40 42
43 -1 41 -1
-1 42 44 -1
-1 -1 45 43
-1 46 -1 44
45 -1 47 228
-1 48 -1 46
47 -1 -1 49
50 -1 48 -1
-1 49 51 -1
52 -1 -1 50
-1 51 -1 53
54 -1 52 -1
-1 53 -1 55
-1 -1 54 56
-1 57 55 -1
56 -1 58 -1
59 -1 218 57
-1 58 -1 60
-1 -1 59 61
-1 62 60 -1
61 -1 63 -1
-1 -1 64 62
-1 65 -1 63
64 -1 -1 10
67 -1 -1 2
-1 66 -1 68
-1 -1 67 69
70 -1 68 -1
-1 69 71 -1
-1 -1 72 70
-1 73 -1 71
72 -1 74 217
-1 75 -1 73
74 -1 -1 76
77 -1 75 -1
-1 76 78 -1
79 -1 -1 77
-1 78 -1 80
81 -1 79 -1
-1 80 -1 82
-1 -1 81 83
-1 84 82 -1
83 -1 85 -1
86 -1 207 84
-1 85 -1 87
-1 -1 86 88
-1 89 87 -1
88 -1 90 -1
-1 -1 91 89
-1 92 -1 90
91 -1 -1 9
94 -1 -1 3
-1 93 -1 95
-1 -1 94 96
97 -1 95 -1
-1 96 98 -1
-1 -1 99 97
-1 100 -1 98
99 -1 101 206
-1 102 -1 100
101 -1 -1 103
104 -1 102 -1
-1 103 105 -1
106 -1 -1 104
-1 105 -1 107
108 -1 106 -1
-1 107 -1 109
-1 -1 108 110
-1 111 109 -1
110 -1 112 -1
113 -1 196 111
-1 112 -1 114
-1 -1 113 115
-1 116 114 -1
115 -1 117 -1
-1 -1 118 116
-1 119 -1 117
118 -1 -1 8
121 -1 -1 4
-1 120 -1 122
-1 -1 121 123
124 -1 122 -1
-1 123 125 -1
-1 -1 126 124
-1 127 -1 125
126 -1 128 195
-1 129 -1 127
128 -1 -1 130
131 -1 129 -1
-1 130 132 -1
133 -1 -1 131
-1 132 -1 134
135 -1 133 -1
-1 134 -1 136
-1 -1 135 137
-1 138 136 -1
137 -1 139 -1
140 -1 185 138
-1 139 -1 141
-1 -1 140 142
-1 143 141 -1
142 -1 144 -1
-1 -1 145 143
-1 146 -1 144
145 -1 -1 7
148 -1 -1 5
-1 147 -1 149
-1 -1 148 150
151 -1 149 -1
-1 150 152 -1
-1 -1 153 151
-1 154 -1 152
153 -1 155 184
-1 156 -1 154
155 -1 -1 157
158 -1 156 -1
-1 157 159 -1
160 -1 -1 158
-1 159 -1 161
162 -1 160 -1
-1 161 -1 163
-1 -1 162 164
-1 165 163 -1
164 -1 166 -1
167 -1 174 165
-1 166 -1 168
-1 -1 167 169
-1 170 168 -1
169 -1 171 -1
-1 -1 172 170
-1 173 -1 171
172 -1 -1 6
-1 175 -1 166
174 -1 -1 176
177 -1 175 -1
-1 176 178 -1
179 -1 -1 177
-1 178 -1 180
181 -1 179 -1
-1 180 -1 182
-1 -1 181 183
-1 184 182 -1
183 -1 154 -1
-1 186 -1 139
185 -1 -1 187
188 -1 186 -1
-1 187 189 -1
190 -1 -1 188
-1 189 -1 191
192 -1 190 -1
-1 191 -1 193
-1 -1 192 194
-1 195 193 -1
194 -1 127 -1
-1 197 -1 112
196 -1 -1 198
199 -1 197 -1
-1 198 200 -1
201 -1 -1 199
-1 200 -1 202
203 -1 201 -1
-1 202 -1 204
-1 -1 203 205
-1 206 204 -1
205 -1 100 -1
-1 208 -1 85
207 -1 -1 209
210 -1 208 -1
-1 209 211 -1
212 -1 -1 210
-1 211 -1 213
214 -1 212 -1
-1 213 -1 215
-1 -1 214 216
-1 217 215 -1
216 -1 73 -1
-1 219 -1 58
218 -1 -1 220
221 -1 219 -1
-1 220 222 -1
223 -1 -1 221
-1 222 -1 224
225 -1 223 -1
-1 224 -1 226
-1 -1 225 227
-1 228 226 -1
227 -1 46 -1
-1 230 -1 31
229 -1 -1 231
232 -1 230 -1
-1 231 233 -1
234 -1 -1 232
-1 233 -1 235
236 -1 234 -1
-1 235 -1 237
-1 -1 236 238
-1 239 237 -1
238 -1 19 -1
0 1 2 3 4 5 6 7 8 9 10 11 12 13 14 15 16 17 18 19 20 21 10 11 31 30 29 28 27 26 25 24 95 94 93 92 29 30 31 22 23 24 25 26 27 28 29 30 31 11 10 21 20 19 18 17 16 15 14 91 90 89 88 19 20 21 32 33 34 35 36 37 38 39 40 41 7 9 61 60 59 58 57 56 55 54 87 86 85 84 59 60 61 42 43 44 45 46 47 48 49 50 51 6 8 71 70 69 68 67 66 65 64 83 82 81 80 69 70 71 52 53 54 55 56 57 58 59 60 61 9 7 41 40 39 38 37 36 35 34 79 78 77 76 39 40 41 62 63 64 65 66 67 68 69 70 71 8 6 51 50 49 48 47 46 45 44 75 74 73 72 49 50 51 43 42 3 5 62 63 64 83 82 81 80 33 32 2 4 52 53 54 87 86 85 84 63 62 5 3 42 43 44 75 74 73 72 53 52 4 2 32 33 34 79 78 77 76 13 12 0 1 22 23 24 95 94 93 92 23 22 1 0 12 13 14 91 90 89 88
0 1 2 3 4 5 6 7 8 9 10 11 2 4 6 4 2 0 2 4 6 8 10 11 9 7 5 3 1 3 5 7 9 11 9 7 5 7 9 3 5 7 5 3 1 3 5 7 9 11 10 8 6 4 2 0 2 4 6 8 10 8 6 4 6 8 0 1 3 1 0 2 0 1 3 5 7 9 11 10 8 6 4 6 8 10 11 9 11 10 8 10 11 1 0 2 0 1 3 1 0 2 4 6 8 10 11 9 7 5 7 9 11 10 8 10 11 9 11 10 6 8 10 8 6 4 6 8 10 11 9 7 5 3 1 0 2 0 1 3 5 7 5 3 1 3 5 7 9 11 9 7 5 7 9 11 10 8 6 4 2 0 1 3 1 0 2 4 6 4 2 0 2 4 0 1 3 5 7 9 11 10 8 10 11 1 0 2 4 6 8 10 11 9 11 10 9 7 5 3 1 0 2 4 6 4 2 8 6 4 2 0 1 3 5 7 5 3 4 2 0 1 3 5 7 9 11 9 7 5 3 1 0 2 4 6 8 10 8 6
1056
0 220 1
0 232 1
66 186 1
66 211 1
94 174 1
94 201 1
100 171 1
161 171 1
186 211 1
220 232 1
134 144 1
221 231 1
0 17 0
0 55 0
0 66 0
0 70 0
0 72 0
0 94 0
0 96 0
0 100 0
0 135 0
0 137 0
0 161 0
0 165 0
0 171 0
0 174 0
0 186 0
0 201 0
0 211 0
17 66 0
17 70 0
17 72 0
17 94 0
17 96 0
17 100 0
17 135 0
17 137 0
17 161 0
17 165 0
17 171 0
17 174 0
17 186 0
17 201 0
17 211 0
17 220 0
17 232 0
55 66 0
55 70 0
55 72 0
55 94 0
55 96 0
55 100 0
55 135 0
55 137 0
55 161 0
55 165 0
55 171 0
55 174 0
55 186 0
55 201 0
55 211 0
55 220 0
55 232 0
66 70 0
66 72 0
66 94 0
66 96 0
66 100 0
66 135 0
66 137 0
66 161 0
66 165 0
66 171 0
66 174 0
66 201 0
66 220 0
66 232 0
70 72 0
70 94 0
70 96 0
70 100 0
70 135 0
70 161 0
70 165 0
70 171 0
70 174 0
70 186 0
70 201 0
70 211 0
70 220 0
70 232 0
72 96 0
72 100 0
72 137 0
72 161 0
72 165 0
72 171 0
72 186 0
72 201 0
72 211 0
72 220 0
72 232 0
94 96 0
94 100 0
94 135 0
94 137 0
94 161 0
94 165 0
94 171 0
94 186 0
94 211 0
94 220 0
94 232 0
96 100 0
96 135 0
96 161 0
96 171 0
96 174 0
96 186 0
96 201 0
96 211 0
96 220 0
96 232 0
100 135 0
100 137 0
100 165 0
100 174 0
100 186 0
100 201 0
100 211 0
100 220 0
100 232 0
135 137 0
135 161 0
135 165 0
135 171 0
135 174 0
135 186 0
135 201 0
135 211 0
135 220 0
135 232 0
137 161 0
137 171 0
137 174 0
137 186 0
137 201 0
137 211 0
137 220 0
137 232 0
161 165 0
161 174 0
161 186 0
161 201 0
161 211 0
161 220 0
161 232 0
165 171 0
165 174 0
165 186 0
165 201 0
165 211 0
165 220 0
165 232 0
171 174 0
171 186 0
171 201 0
171 211 0
171 220 0
171 232 0
174 186 0
174 211 0
174 220 0
174 232 0
186 201 0
186 220 0
186 232 0
201 211 0
201 220 0
201 232 0
211 220 0
211 232 0
1 28 0
1 44 0
1 144 0
28 67 0
28 69 0
28 73 0
28 93 0
28 97 0
28 99 0
28 134 0
28 138 0
28 144 0
28 162 0
28 164 0
28 175 0
28 185 0
28 200 0
28 212 0
28 221 0
28 231 0
44 67 0
44 69 0
44 73 0
44 93 0
44 97 0
44 99 0
44 134 0
44 138 0
44 144 0
44 162 0
44 164 0
44 175 0
44 185 0
44 200 0
44 212 0
44 221 0
44 231 0
67 69 0
67 73 0
67 93 0
67 134 0
67 138 0
67 144 0
67 175 0
67 200 0
67 231 0
69 99 0
69 144 0
69 162 0
69 185 0
69 212 0
69 221 0
73 97 0
73 99 0
73 162 0
73 164 0
73 185 0
73 212 0
73 221 0
93 97 0
93 99 0
93 144 0
93 162 0
93 164 0
93 185 0
93 212 0
93 221 0
97 134 0
97 144 0
97 175 0
97 200 0
97 231 0
99 134 0
99 138 0
99 144 0
99 175 0
99 200 0
99 231 0
134 162 0
134 164 0
134 185 0
134 212 0
134 221 0
138 144 0
138 162 0
138 185 0
138 212 0
138 221 0
144 162 0
144 164 0
144 175 0
144 185 0
144 200 0
144 212 0
144 221 0
144 231 0
162 175 0
162 200 0
162 231 0
164 175 0
164 200 0
164 231 0
175 185 0
175 212 0
175 221 0
185 200 0
185 231 0
200 212 0
200 221 0
212 231 0
2 12 0
2 18 0
2 54 0
2 101 0
2 160 0
2 172 0
2 219 0
2 233 0
12 16 0
12 56 0
12 170 0
12 187 0
12 202 0
12 206 0
12 210 0
16 18 0
16 54 0
16 101 0
16 160 0
16 172 0
16 219 0
16 233 0
18 56 0
18 170 0
18 187 0
18 202 0
18 206 0
18 210 0
54 56 0
54 170 0
54 187 0
54 202 0
54 206 0
54 210 0
56 101 0
56 160 0
56 172 0
56 219 0
56 233 0
101 170 0
101 187 0
101 202 0
101 206 0
101 210 0
160 170 0
160 187 0
160 202 0
160 206 0
160 210 0
170 172 0
170 219 0
170 233 0
172 187 0
172 202 0
172 206 0
172 210 0
187 219 0
187 233 0
202 219 0
202 233 0
206 219 0
206 233 0
210 219 0
210 233 0
3 27 0
3 39 0
3 45 0
3 74 0
3 133 0
3 145 0
3 222 0
3 230 0
27 29 0
27 43 0
27 143 0
27 176 0
27 199 0
27 213 0
27 217 0
29 39 0
29 45 0
29 74 0
29 133 0
29 145 0
29 222 0
29 230 0
39 43 0
39 143 0
39 176 0
39 199 0
39 213 0
39 217 0
43 45 0
43 74 0
43 133 0
43 145 0
43 222 0
43 230 0
45 143 0
45 176 0
45 199 0
45 213 0
45 217 0
74 143 0
74 176 0
74 199 0
74 213 0
74 217 0
133 143 0
133 176 0
133 199 0
133 213 0
133 217 0
143 145 0
143 222 0
143 230 0
145 176 0
145 199 0
145 213 0
145 217 0
176 222 0
176 230 0
199 222 0
199 230 0
213 222 0
213 230 0
217 222 0
217 230 0
4 63 0
4 82 0
4 125 0
13 15 0
13 19 0
13 53 0
13 57 0
13 63 0
13 82 0
13 102 0
13 125 0
13 159 0
13 173 0
13 209 0
15 63 0
15 82 0
15 125 0
15 167 0
15 188 0
15 203 0
15 218 0
15 234 0
19 82 0
19 125 0
19 167 0
19 169 0
19 188 0
19 203 0
19 205 0
19 218 0
19 234 0
53 82 0
53 125 0
53 167 0
53 169 0
53 188 0
53 203 0
53 205 0
53 218 0
53 234 0
57 63 0
57 82 0
57 125 0
57 167 0
57 188 0
57 203 0
57 218 0
57 234 0
63 82 0
63 102 0
63 125 0
63 159 0
63 167 0
63 169 0
63 173 0
63 188 0
63 203 0
63 205 0
63 209 0
63 218 0
63 234 0
82 102 0
82 159 0
82 167 0
82 169 0
82 173 0
82 188 0
82 203 0
82 205 0
82 209 0
82 218 0
82 234 0
102 125 0
102 167 0
102 169 0
102 188 0
102 203 0
102 205 0
102 218 0
102 234 0
125 159 0
125 167 0
125 169 0
125 173 0
125 188 0
125 203 0
125 205 0
125 209 0
125 218 0
125 234 0
159 167 0
159 169 0
159 188 0
159 203 0
159 205 0
159 218 0
159 234 0
167 173 0
167 209 0
169 173 0
169 209 0
173 188 0
173 203 0
173 205 0
173 218 0
173 234 0
203 209 0
205 209 0
209 218 0
209 234 0
5 36 0
5 109 0
5 152 0
26 40 0
26 109 0
26 140 0
26 142 0
26 152 0
26 177 0
26 214 0
26 216 0
26 223 0
26 229 0
30 36 0
30 40 0
30 109 0
30 140 0
30 152 0
30 177 0
30 214 0
30 223 0
30 229 0
36 40 0
36 42 0
36 75 0
36 109 0
36 132 0
36 140 0
36 142 0
36 146 0
36 152 0
36 177 0
36 198 0
36 214 0
36 216 0
36 223 0
36 229 0
40 42 0
40 46 0
40 75 0
40 109 0
40 132 0
40 146 0
40 152 0
40 198 0
42 109 0
42 140 0
42 152 0
42 177 0
42 214 0
42 223 0
42 229 0
46 109 0
46 140 0
46 142 0
46 152 0
46 177 0
46 214 0
46 216 0
46 223 0
46 229 0
75 109 0
75 140 0
75 142 0
75 152 0
75 177 0
75 214 0
75 216 0
75 223 0
75 229 0
109 132 0
109 140 0
109 142 0
109 146 0
109 177 0
109 198 0
109 214 0
109 216 0
109 223 0
109 229 0
132 140 0
132 142 0
132 152 0
132 177 0
132 214 0
132 216 0
132 223 0
132 229 0
140 146 0
140 152 0
140 198 0
142 146 0
142 152 0
142 198 0
146 152 0
146 177 0
146 214 0
146 216 0
146 223 0
146 229 0
152 177 0
152 198 0
152 214 0
152 216 0
152 223 0
152 229 0
198 214 0
198 216 0
198 223 0
198 229 0
6 20 0
6 52 0
6 64 0
6 81 0
6 120 0
6 126 0
6 189 0
6 208 0
20 62 0
20 83 0
20 103 0
20 124 0
20 158 0
20 235 0
20 239 0
52 62 0
52 83 0
52 103 0
52 124 0
52 158 0
52 235 0
52 239 0
62 64 0
62 81 0
62 120 0
62 126 0
62 189 0
62 208 0
64 83 0
64 103 0
64 124 0
64 158 0
64 235 0
64 239 0
81 83 0
81 103 0
81 124 0
81 158 0
81 235 0
81 239 0
83 120 0
83 126 0
83 189 0
83 208 0
103 120 0
103 126 0
103 189 0
103 208 0
120 124 0
120 158 0
120 235 0
120 239 0
124 126 0
124 189 0
124 208 0
126 158 0
126 235 0
126 239 0
158 189 0
158 208 0
189 235 0
189 239 0
208 235 0
208 239 0
7 25 0
7 37 0
7 47 0
7 108 0
7 147 0
7 153 0
7 178 0
7 197 0
25 35 0
25 76 0
25 110 0
25 131 0
25 151 0
25 224 0
25 228 0
35 37 0
35 47 0
35 108 0
35 147 0
35 153 0
35 178 0
35 197 0
37 76 0
37 110 0
37 131 0
37 151 0
37 224 0
37 228 0
47 76 0
47 110 0
47 131 0
47 151 0
47 224 0
47 228 0
76 108 0
76 147 0
76 153 0
76 178 0
76 197 0
108 110 0
108 131 0
108 151 0
108 224 0
108 228 0
110 147 0
110 153 0
110 178 0
110 197 0
131 147 0
131 153 0
131 178 0
131 197 0
147 151 0
147 224 0
147 228 0
151 153 0
151 178 0
151 197 0
153 224 0
153 228 0
178 224 0
178 228 0
197 224 0
197 228 0
8 90 0
8 114 0
8 182 0
21 59 0
21 61 0
21 90 0
21 104 0
21 114 0
21 121 0
21 182 0
21 190 0
21 207 0
21 236 0
21 238 0
51 59 0
51 61 0
51 90 0
51 104 0
51 114 0
51 121 0
51 190 0
51 207 0
51 236 0
51 238 0
59 65 0
59 80 0
59 84 0
59 90 0
59 114 0
59 123 0
59 127 0
59 157 0
59 182 0
61 65 0
61 80 0
61 90 0
61 114 0
61 127 0
61 157 0
61 182 0
65 90 0
65 104 0
65 114 0
65 121 0
65 190 0
65 207 0
65 236 0
65 238 0
80 104 0
80 114 0
80 121 0
80 182 0
80 190 0
80 207 0
80 236 0
80 238 0
84 90 0
84 104 0
84 114 0
84 121 0
84 182 0
84 190 0
84 207 0
84 236 0
90 104 0
90 121 0
90 123 0
90 157 0
90 182 0
90 190 0
90 207 0
90 236 0
90 238 0
104 114 0
104 123 0
104 127 0
104 182 0
114 121 0
114 123 0
114 157 0
114 190 0
114 207 0
114 236 0
114 238 0
121 123 0
121 127 0
121 157 0
121 182 0
123 182 0
123 190 0
123 207 0
123 236 0
127 182 0
127 190 0
127 207 0
127 236 0
127 238 0
157 182 0
157 190 0
157 207 0
157 236 0
157 238 0
182 190 0
182 207 0
182 236 0
182 238 0
9 87 0
9 117 0
9 193 0
24 32 0
24 34 0
24 77 0
24 117 0
24 148 0
24 179 0
24 196 0
24 225 0
24 227 0
32 38 0
32 48 0
32 87 0
32 107 0
32 111 0
32 117 0
32 130 0
32 150 0
32 154 0
32 193 0
34 38 0
34 48 0
34 87 0
34 107 0
34 117 0
34 130 0
34 154 0
34 193 0
38 77 0
38 148 0
38 179 0
38 196 0
38 225 0
38 227 0
48 77 0
48 87 0
48 148 0
48 179 0
48 193 0
48 196 0
48 225 0
48 227 0
77 87 0
77 107 0
77 117 0
77 150 0
77 154 0
77 193 0
87 111 0
87 130 0
87 148 0
87 150 0
87 179 0
87 196 0
87 225 0
87 227 0
107 148 0
107 179 0
107 193 0
107 196 0
107 225 0
107 227 0
111 117 0
111 148 0
111 179 0
111 193 0
111 196 0
111 225 0
117 130 0
117 148 0
117 150 0
117 179 0
117 193 0
117 196 0
117 225 0
117 227 0
130 148 0
130 179 0
130 193 0
130 196 0
130 225 0
130 227 0
148 150 0
148 154 0
148 193 0
150 179 0
150 193 0
150 196 0
150 225 0
154 179 0
154 193 0
154 196 0
154 225 0
154 227 0
179 193 0
193 196 0
193 225 0
193 227 0
10 79 0
10 91 0
10 105 0
10 119 0
10 128 0
10 156 0
22 79 0
22 91 0
22 105 0
22 113 0
22 119 0
22 128 0
22 156 0
22 181 0
50 79 0
50 91 0
50 105 0
50 119 0
50 128 0
50 156 0
79 89 0
79 115 0
79 183 0
79 191 0
79 195 0
89 91 0
89 105 0
89 113 0
89 119 0
89 128 0
89 156 0
89 181 0
91 115 0
91 183 0
91 191 0
91 195 0
105 115 0
105 183 0
105 195 0
113 191 0
113 195 0
115 119 0
115 128 0
115 156 0
119 183 0
119 195 0
128 183 0
128 191 0
128 195 0
156 183 0
156 195 0
181 191 0
181 195 0
23 78 0
23 92 0
23 129 0
49 86 0
49 106 0
49 118 0
49 155 0
49 192 0
78 88 0
78 194 0
86 116 0
86 180 0
86 184 0
88 92 0
88 129 0
92 194 0
106 116 0
106 180 0
106 184 0
116 118 0
116 155 0
116 192 0
118 180 0
118 184 0
129 194 0
155 180 0
155 184 0
180 192 0
184 192 0
12
0 1 2 3 4 5 6 7 8 9 10 11 12 13 14 15 16 17 18 19 20 21 22 23 24 25 26 27 28 29 30 31 32 33 34 35 36 37 38 39 40 41 42 43 44 45 46 47 48 49 50 51 52 53 54 55 56 57 58 59 60 61 62 63 64 65 66 67 68 69 70 71 72 73 74 75 76 77 78 79 80 81 82 83 84 85 86 87 88 89 90 91 92 93 94 95 96 97 98 99 100 101 102 103 104 105 106 107 108 109 110 111 112 113 114 115 116 117 118 119 120 121 122 123 124 125 126 127 128 129 130 131 132 133 134 135 136 137 138 139 140 141 142 143 144 145 146 147 148 149 150 151 152 153 154 155 156 157 158 159 160 161 162 163 164 165 166 167 168 169 170 171 172 173 174 175 176 177 178 179 180 181 182 183 184 185 186 187 188 189 190 191 192 193 194 195 196 197 198 199 200 201 202 203 204 205 206 207 208 209 210 211 212 213 214 215 216 217 218 219 220 221 222 223 224 225 226 227 228 229 230 231 232 233 234 235 236 237 238 239
1 0 3 2 5 4 7 6 9 8 11 10 39 40 41 42 43 44 45 46 47 48 49 50 51 52 53 54 55 56 57 58 59 60 61 62 63 64 65 12 13 14 15 16 17 18 19 20 21 22 23 24 25 26 27 28 29 30 31 32 33 34 35 36 37 38 93 94 95 96 97 98 99 100 101 102 103 104 105 106 107 108 109 110 111 112 113 114 115 116 117 118 119 66 67 68 69 70 71 72 73 74 75 76 77 78 79 80 81 82 83 84 85 86 87 88 89 90 91 92 147 148 149 150 151 152 153 154 155 156 157 158 159 160 161 162 163 164 165 166 167 168 169 170 171 172 173 120 121 122 123 124 125 126 127 128 129 130 131 132 133 134 135 136 137 138 139 140 141 142 143 144 145 146 185 186 187 188 189 190 191 192 193 194 195 174 175 176 177 178 179 180 181 182 183 184 207 208 209 210 211 212 213 214 215 216 217 196 197 198 199 200 201 202 203 204 205 206 229 230 231 232 233 234 235 236 237 238 239 218 219 220 221 222 223 224 225 226 227 228
2 4 0 6 1 8 3 10 5 11 7 9 66 67 68 69 70 71 72 73 74 75 76 77 78 79 80 81 82 83 84 85 86 87 88 89 90 91 92 120 121 122 123 124 125 126 127 128 129 130 131 132 133 134 135 136 137 138 139 140 141 142 143 144 145 146 12 13 14 15 16 17 18 19 20 21 22 23 24 25 26 27 28 29 30 31 32 33 34 35 36 37 38 173 172 171 170 169 168 167 166 174 175 176 177 178 179 180 181 182 183 184 154 153 152 151 150 149 148 147 39 40 41 42 43 44 45 46 47 48 49 50 51 52 53 54 55 56 57 58 59 60 61 62 63 64 65 119 118 117 116 115 114 113 112 196 197 198 199 200 201 202 203 204 205 206 100 99 98 97 96 95 94 93 101 102 103 104 105 106 107 108 109 110 111 218 219 220 221 222 223 224 225 226 227 228 155 156 157 158 159 160 161 162 163 164 165 229 230 231 232 233 234 235 236 237 238 239 185 186 187 188 189 190 191 192 193 194 195 207 208 209 210 211 212 213 214 215 216 217
3 5 1 7 0 9 2 11 4 10 6 8 93 94 95 96 97 98 99 100 101 102 103 104 105 106 107 108 109 110 111 112 113 114 115 116 117 118 119 147 148 149 150 151 152 153 154 155 156 157 158 159 160 161 162 163 164 165 166 167 168 169 170 171 172 173 39 40 41 42 43 44 45 46 47 48 49 50 51 52 53 54 55 56 57 58 59 60 61 62 63 64 65 146 145 144 143 142 141 140 139 185 186 187 188 189 190 191 192 193 194 195 127 126 125 124 123 122 121 120 12 13 14 15 16 17 18 19 20 21 22 23 24 25 26 27 28 29 30 31 32 33 34 35 36 37 38 92 91 90 89 88 87 86 85 207 208 209 210 211 212 213 214 215 216 217 73 72 71 70 69 68 67 66 74 75 76 77 78 79 80 81 82 83 84 229 230 231 232 233 234 235 236 237 238 239 128 129 130 131 132 133 134 135 136 137 138 218 219 220 221 222 223 224 225 226 227 228 174 175 176 177 178 179 180 181 182 183 184 196 197 198 199 200 201 202 203 204 205 206
4 2 6 0 8 1 10 3 11 5 9 7 120 121 122 123 124 125 126 127 128 129 130 131 132 133 134 135 136 137 138 139 140 141 142 143 144 145 146 66 67 68 69 70 71 72 73 74 75 76 77 78 79 80 81 82 83 84 85 86 87 88 89 90 91 92 173 172 171 170 169 168 167 166 174 175 176 177 178 179 180 181 182 183 184 154 153 152 151 150 149 148 147 12 13 14 15 16 17 18 19 20 21 22 23 24 25 26 27 28 29 30 31 32 33 34 35 36 37 38 119 118 117 116 115 114 113 112 196 197 198 199 200 201 202 203 204 205 206 100 99 98 97 96 95 94 93 39 40 41 42 43 44 45 46 47 48 49 50 51 52 53 54 55 56 57 58 59 60 61 62 63 64 65 218 219 220 221 222 223 224 225 226 227 228 101 102 103 104 105 106 107 108 109 110 111 229 230 231 232 233 234 235 236 237 238 239 155 156 157 158 159 160 161 162 163 164 165 207 208 209 210 211 212 213 214 215 216 217 185 186 187 188 189 190 191 192 193 194 195
5 3 7 1 9 0 11 2 10 4 8 6 147 148 149 150 151 152 153 154 155 156 157 158 159 160 161 162 163 164 165 166 167 168 169 170 171 172 173 93 94 95 96 97 98 99 100 101 102 103 104 105 106 107 108 109 110 111 112 113 114 115 116 117 118 119 146 145 144 143 142 141 140 139 185 186 187 188 189 190 191 192 193 194 195 127 126 125 124 123 122 121 120 39 40 41 42 43 44 45 46 47 48 49 50 51 52 53 54 55 56 57 58 59 60 61 62 63 64 65 92 91 90 89 88 87 86 85 207 208 209 210 211 212 213 214 215 216 217 73 72 71 70 69 68 67 66 12 13 14 15 16 17 18 19 20 21 22 23 24 25 26 27 28 29 30 31 32 33 34 35 36 37 38 229 230 231 232 233 234 235 236 237 238 239 74 75 76 77 78 79 80 81 82 83 84 218 219 220 221 222 223 224 225 226 227 228 128 129 130 131 132 133 134 135 136 137 138 196 197 198 199 200 201 202 203 204 205 206 174 175 176 177 178 179 180 181 182 183 184
6 8 4 10 2 11 0 9 1 7 3 5 173 172 171 170 169 168 167 166 174 175 176 177 178 179 180 181 182 183 184 154 153 152 151 150 149 148 147 119 118 117 116 115 114 113 112 196 197 198 199 200 201 202 203 204 205 206 100 99 98 97 96 95 94 93 120 121 122 123 124 125 126 127 128 129 130 131 132 133 134 135 136 137 138 139 140 141 142 143 144 145 146 65 64 63 62 61 60 59 58 218 219 220 221 222 223 224 225 226 227 228 46 45 44 43 42 41 40 39 66 67 68 69 70 71 72 73 74 75 76 77 78 79 80 81 82 83 84 85 86 87 88 89 90 91 92 38 37 36 35 34 33 32 31 229 230 231 232 233 234 235 236 237 238 239 19 18 17 16 15 14 13 12 20 21 22 23 24 25 26 27 28 29 30 207 208 209 210 211 212 213 214 215 216 217 47 48 49 50 51 52 53 54 55 56 57 185 186 187 188 189 190 191 192 193 194 195 101 102 103 104 105 106 107 108 109 110 111 155 156 157 158 159 160 161 162 163 164 165
7 9 5 11 3 10 1 8 0 6 2 4 146 145 144 143 142 141 140 139 185 186 187 188 189 190 191 192 193 194 195 127 126 125 124 123 122 121 120 92 91 90 89 88 87 86 85 207 208 209 210 211 212 213 214 215 216 217 73 72 71 70 69 68 67 66 147 148 149 150 151 152 153 154 155 156 157 158 159 160 161 162 163 164 165 166 167 168 169 170 171 172 173 38 37 36 35 34 33 32 31 229 230 231 232 233 234 235 236 237 238 239 19 18 17 16 15 14 13 12 93 94 95 96 97 98 99 100 101 102 103 104 105 106 107 108 109 110 111 112 113 114 115 116 117 118 119 65 64 63 62 61 60 59 58 218 219 220 221 222 223 224 225 226 227 228 46 45 44 43 42 41 40 39 47 48 49 50 51 52 53 54 55 56 57 196 197 198 199 200 201 202 203 204 205 206 20 21 22 23 24 25 26 27 28 29 30 174 175 176 177 178 179 180 181 182 183 184 74 75 76 77 78 79 80 81 82 83 84 128 129 130 131 132 133 134 135 136 137 138
8 6 10 4 11 2 9 0 7 1 5 3 119 118 117 116 115 114 113 112 196 197 198 199 200 201 202 203 204 205 206 100 99 98 97 96 95 94 93 173 172 171 170 169 168 167 166 174 175 176 177 178 179 180 181 182 183 184 154 153 152 151 150 149 148 147 65 64 63 62 61 60 59 58 218 219 220 221 222 223 224 225 226 227 228 46 45 44 43 42 41 40 39 120 121 122 123 124 125 126 127 128 129 130 131 132 133 134 135 136 137 138 139 140 141 142 143 144 145 146 38 37 36 35 34 33 32 31 229 230 231 232 233 234 235 236 237 238 239 19 18 17 16 15 14 13 12 66 67 68 69 70 71 72 73 74 75 76 77 78 79 80 81 82 83 84 85 86 87 88 89 90 91 92 207 208 209 210 211 212 213 214 215 216 217 20 21 22 23 24 25 26 27 28 29 30 185 186 187 188 189 190 191 192 193 194 195 47 48 49 50 51 52 53 54 55 56 57 155 156 157 158 159 160 161 162 163 164 165 101 102 103 104 105 106 107 108 109 110 111
9 7 11 5 10 3 8 1 6 0 4 2 92 91 90 89 88 87 86 85 207 208 209 210 211 212 213 214 215 216 217 73 72 71 70 69 68 67 66 146 145 144 143 142 141 140 139 185 186 187 188 189 190 191 192 193 194 195 127 126 125 124 123 122 121 120 38 37 36 35 34 33 32 31 229 230 231 232 233 234 235 236 237 238 239 19 18 17 16 15 14 13 12 147 148 149 150 151 152 153 154 155 156 157 158 159 160 161 162 163 164 165 166 167 168 169 170 171 172 173 65 64 63 62 61 60 59 58 218 219 220 221 222 223 224 225 226 227 228 46 45 44 43 42 41 40 39 93 94 95 96 97 98 99 100 101 102 103 104 105 106 107 108 109 110 111 112 113 114 115 116 117 118 119 196 197 198 199 200 201 202 203 204 205 206 47 48 49 50 51 52 53 54 55 56 57 174 175 176 177 178 179 180 181 182 183 184 20 21 22 23 24 25 26 27 28 29 30 128 129 130 131 132 133 134 135 136 137 138 74 75 76 77 78 79 80 81 82 83 84
10 11 8 9 6 7 4 5 2 3 0 1 65 64 63 62 61 60 59 58 218 219 220 221 222 223 224 225 226 227 228 46 45 44 43 42 41 40 39 38 37 36 35 34 33 32 31 229 230 231 232 233 234 235 236 237 238 239 19 18 17 16 15 14 13 12 119 118 117 116 115 114 113 112 196 197 198 199 200 201 202 203 204 205 206 100 99 98 97 96 95 94 93 92 91 90 89 88 87 86 85 207 208 209 210 211 212 213 214 215 216 217 73 72 71 70 69 68 67 66 173 172 171 170 169 168 167 166 174 175 176 177 178 179 180 181 182 183 184 154 153 152 151 150 149 148 147 146 145 144 143 142 141 140 139 185 186 187 188 189 190 191 192 193 194 195 127 126 125 124 123 122 121 120 128 129 130 131 132 133 134 135 136 137 138 155 156 157 158 159 160 161 162 163 164 165 74 75 76 77 78 79 80 81 82 83 84 101 102 103 104 105 106 107 108 109 110 111 20 21 22 23 24 25 26 27 28 29 30 47 48 49 50 51 52 53 54 55 56 57
11 10 9 8 7 6 5 4 3 2 1 0 38 37 36 35 34 33 32 31 229 230 231 232 233 234 235 236 237 238 239 19 18 17 16 15 14 13 12 65 64 63 62 61 60 59 58 218 219 220 221 222 223 224 225 226 227 228 46 45 44 43 42 41 40 39 92 91 90 89 88 87 86 85 207 208 209 210 211 212 213 214 215 216 217 73 72 71 70 69 68 67 66 119 118 117 116 115 114 113 112 196 197 198 199 200 201 202 203 204 205 206 100 99 98 97 96 95 94 93 146 145 144 143 142 141 140 139 185 186 187 188 189 190 191 192 193 194 195 127 126 125 124 123 122 121 120 173 172 171 170 169 168 167 166 174 175 176 177 178 179 180 181 182 183 184 154 153 152 151 150 149 148 147 155 156 157 158 159 160 161 162 163 164 165 128 129 130 131 132 133 134 135 136 137 138 101 102 103 104 105 106 107 108 109 110 111 74 75 76 77 78 79 80 81 82 83 84 47 48 49 50 51 52 53 54 55 56 57 20 21 22 23 24 25 26 27 28 29 30
