240 12
1 3 12 -1
3 0 39 -1
5 9 58 -1
0 1 38 -1
6 10 96 -1
9 2 123 -1
10 4 142 -1
8 11 161 -1
11 7 188 -1
2 5 84 -1
4 6 122 -1
7 8 187 -1
13 -1 -1 0
-1 12 -1 14
-1 -1 13 15
16 -1 14 -1
-1 15 17 -1
-1 -1 18 16
-1 19 -1 17
18 -1 20 57
-1 21 -1 19
20 -1 -1 22
23 -1 21 -1
-1 22 24 -1
25 -1 -1 23
-1 24 -1 26
27 -1 25 -1
-1 26 -1 28
-1 -1 27 29
-1 30 28 -1
29 -1 31 -1
32 -1 85 30
-1 31 -1 33
-1 -1 32 34
-1 35 33 -1
34 -1 36 -1
-1 -1 37 35
-1 38 -1 36
37 -1 -1 3
40 -1 -1 1
-1 39 -1 41
-1 -1 40 42
43 -1 41 -1
-1 42 44 -1
-1 -1 45 43
-1 46 -1 44
45 -1 47 95
-1 48 -1 46
47 -1 -1 49
50 -1 48 -1
-1 49 51 -1
52 -1 -1 50
-1 51 -1 53
54 -1 52 -1
-1 53 -1 55
-1 -1 54 56
-1 57 55 -1
56 -1 19 -1
59 -1 -1 2
-1 58 -1 60
-1 -1 59 61
62 -1 60 -1
-1 61 63 -1
-1 -1 64 62
-1 65 -1 63
64 -1 66 141
-1 67 -1 65
66 -1 -1 68
69 -1 67 -1
-1 68 70 -1
71 -1 -1 69
-1 70 -1 72
73 -1 71 -1
-1 72 -1 74
-1 -1 73 75
-1 76 74 -1
75 -1 77 -1
78 -1 207 76
-1 77 -1 79
-1 -1 78 80
-1 81 79 -1
80 -1 82 -1
-1 -1 83 81
-1 84 -1 82
83 -1 -1 9
-1 86 -1 31
85 -1 -1 87
88 -1 86 -1
-1 87 89 -1
90 -1 -1 88
-1 89 -1 91
92 -1 90 -1
-1 91 -1 93
-1 -1 92 94
-1 95 93 -1
94 -1 46 -1
97 -1 -1 4
-1 96 -1 98
-1 -1 97 99
100 -1 98 -1
-1 99 101 -1
-1 -1 102 100
-1 103 -1 101
102 -1 104 160
-1 105 -1 103
104 -1 -1 106
107 -1 105 -1
-1 106 108 -1
109 -1 -1 107
-1 108 -1 110
111 -1 109 -1
-1 110 -1 112
-1 -1 111 113
-1 114 112 -1
113 -1 115 -1
116 -1 218 114
-1 115 -1 117
-1 -1 116 118
-1 119 117 -1
118 -1 120 -1
-1 -1 121 119
-1 122 -1 120
121 -1 -1 10
124 -1 -1 5
-1 123 -1 125
-1 -1 124 126
127 -1 125 -1
-1 126 128 -1
-1 -1 129 127
-1 130 -1 128
129 -1 131 217
-1 132 -1 130
131 -1 -1 133
134 -1 132 -1
-1 133 135 -1
136 -1 -1 134
-1 135 -1 137
138 -1 136 -1
-1 137 -1 139
-1 -1 138 140
-1 141 139 -1
140 -1 65 -1
143 -1 -1 6
-1 142 -1 144
-1 -1 143 145
146 -1 144 -1
-1 145 147 -1
-1 -1 148 146
-1 149 -1 147
148 -1 150 228
-1 151 -1 149
150 -1 -1 152
153 -1 151 -1
-1 152 154 -1
155 -1 -1 153
-1 154 -1 156
157 -1 155 -1
-1 156 -1 158
-1 -1 157 159
-1 160 158 -1
159 -1 103 -1
162 -1 -1 7
-1 161 -1 163
-1 -1 162 164
165 -1 163 -1
-1 164 166 -1
-1 -1 167 165
-1 168 -1 166
167 -1 169 206
-1 170 -1 168
169 -1 -1 171
172 -1 170 -1
-1 171 173 -1
174 -1 -1 172
-1 173 -1 175
176 -1 174 -1
-1 175 -1 177
-1 -1 176 178
-1 179 177 -1
178 -1 180 -1
181 -1 229 179
-1 180 -1 182
-1 -1 181 183
-1 184 182 -1
183 -1 185 -1
-1 -1 186 184
-1 187 -1 185
186 -1 -1 11
189 -1 -1 8
-1 188 -1 190
-1 -1 189 191
192 -1 190 -1
-1 191 193 -1
-1 -1 194 192
-1 195 -1 193
194 -1 196 239
-1 197 -1 195
196 -1 -1 198
199 -1 197 -1
-1 198 200 -1
201 -1 -1 199
-1 200 -1 202
203 -1 201 -1
-1 202 -1 204
-1 -1 203 205
-1 206 204 -1
205 -1 168 -1
-1 208 -1 77
207 -1 -1 209
210 -1 208 -1
-1 209 211 -1
212 -1 -1 210
-1 211 -1 213
214 -1 212 -1
-1 213 -1 215
-1 -1 214 216
-1 217 215 -1
216 -1 130 -1
-1 219 -1 115
218 -1 -1 220
221 -1 219 -1
-1 220 222 -1
223 -1 -1 221
-1 222 -1 224
225 -1 223 -1
-1 224 -1 226
-1 -1 225 227
-1 228 226 -1
227 -1 149 -1
-1 230 -1 180
229 -1 -1 231
232 -1 230 -1
-1 231 233 -1
234 -1 -1 232
-1 233 -1 235
236 -1 234 -1
-1 235 -1 237
-1 -1 236 238
-1 239 237 -1
238 -1 195 -1
0 1 2 3 4 5 6 7 8 9 10 11 12 13 14 15 16 17 18 19 20 21 3 0 12 13 14 28 27 26 25 24 42 41 40 39 19 20 21 22 23 24 25 26 27 28 14 13 12 0 1 22 23 24 42 41 40 39 29 30 31 32 33 34 35 36 37 38 9 2 29 30 31 59 58 57 56 55 87 86 85 84 36 37 38 23 22 1 3 21 20 19 18 17 16 15 43 44 45 46 47 48 49 50 51 52 10 4 43 44 45 66 65 64 63 62 91 90 89 88 50 51 52 53 54 55 56 57 58 59 31 30 29 2 5 53 54 55 87 86 85 84 60 61 62 63 64 65 66 45 44 43 4 6 60 61 62 91 90 89 88 67 68 69 70 71 72 73 74 75 76 11 7 67 68 69 83 82 81 80 79 95 94 93 92 74 75 76 77 78 79 80 81 82 83 69 68 67 7 8 77 78 79 95 94 93 92 54 53 5 9 38 37 36 35 34 33 32 61 60 6 10 52 51 50 49 48 47 46 78 77 8 11 76 75 74 73 72 71 70
0 1 2 3 4 5 6 7 8 9 10 11 2 5 7 3 0 2 6 4 8 7 3 0 2 5 7 8 4 1 0 2 5 7 3 1 4 8 7 4 6 2 0 1 4 8 7 5 2 0 1 4 6 2 5 7 3 1 6 10 11 9 2 6 0 3 7 11 9 2 6 10 11 7 3 5 2 6 10 11 9 5 3 7 11 6 4 1 3 7 8 4 6 2 0 3 8 11 9 10 4 8 1 0 2 9 10 4 8 11 9 2 0 6 4 8 11 9 10 6 0 2 9 3 0 6 2 5 3 7 11 10 6 2 5 3 0 6 10 11 9 5 0 1 8 4 6 0 2 9 11 8 4 6 0 1 8 11 9 10 6 5 9 10 11 7 5 3 1 4 10 11 7 5 9 10 4 1 8 7 5 9 10 11 8 1 4 10 1 3 5 7 8 1 4 10 9 5 7 8 1 3 5 9 10 11 8 0 3 5 9 11 7 3 0 6 2 9 1 0 6 10 9 2 0 1 8 4 10 3 1 8 11 10 4 1 3 5 7 11
1056
0 23 1
0 49 1
23 49 1
64 214 1
103 120 1
103 224 1
112 147 1
124 207 1
136 207 1
168 185 1
168 235 1
177 193 1
0 16 0
0 30 0
0 42 0
0 64 0
0 94 0
0 103 0
0 112 0
0 120 0
0 124 0
0 136 0
0 142 0
0 147 0
0 154 0
0 207 0
0 214 0
0 219 0
0 224 0
16 23 0
16 30 0
16 42 0
16 49 0
16 64 0
16 103 0
16 112 0
16 120 0
16 124 0
16 136 0
16 142 0
16 147 0
16 154 0
16 207 0
16 214 0
16 219 0
16 224 0
23 30 0
23 42 0
23 64 0
23 94 0
23 103 0
23 112 0
23 120 0
23 124 0
23 136 0
23 142 0
23 147 0
23 154 0
23 207 0
23 214 0
23 219 0
23 224 0
30 49 0
30 64 0
30 94 0
30 103 0
30 112 0
30 120 0
30 124 0
30 136 0
30 142 0
30 147 0
30 154 0
30 207 0
30 214 0
30 219 0
30 224 0
42 49 0
42 64 0
42 94 0
42 103 0
42 112 0
42 120 0
42 124 0
42 136 0
42 142 0
42 147 0
42 154 0
42 207 0
42 214 0
42 219 0
42 224 0
49 64 0
49 94 0
49 103 0
49 112 0
49 120 0
49 124 0
49 136 0
49 142 0
49 147 0
49 154 0
49 207 0
49 214 0
49 219 0
49 224 0
64 94 0
64 103 0
64 112 0
64 120 0
64 124 0
64 136 0
64 142 0
64 147 0
64 154 0
64 207 0
64 219 0
64 224 0
94 103 0
94 112 0
94 120 0
94 124 0
94 136 0
94 142 0
94 147 0
94 154 0
94 207 0
94 214 0
94 219 0
94 224 0
103 112 0
103 124 0
103 136 0
103 142 0
103 147 0
103 154 0
103 207 0
103 214 0
103 219 0
112 120 0
112 124 0
112 136 0
112 142 0
112 154 0
112 207 0
112 214 0
112 219 0
112 224 0
120 124 0
120 136 0
120 142 0
120 147 0
120 154 0
120 207 0
120 214 0
120 219 0
124 142 0
124 147 0
124 154 0
124 214 0
124 219 0
124 224 0
136 142 0
136 147 0
136 154 0
136 214 0
136 219 0
136 224 0
142 147 0
142 207 0
142 214 0
142 224 0
147 154 0
147 207 0
147 214 0
147 219 0
147 224 0
154 207 0
154 214 0
154 224 0
207 214 0
207 219 0
207 224 0
214 219 0
214 224 0
219 224 0
1 35 0
1 168 0
1 177 0
1 185 0
1 188 0
1 193 0
1 200 0
1 230 0
1 235 0
29 35 0
29 57 0
29 87 0
29 168 0
29 177 0
29 185 0
29 188 0
29 193 0
29 200 0
29 230 0
29 235 0
35 50 0
35 87 0
35 102 0
35 143 0
35 155 0
35 168 0
35 177 0
35 185 0
35 188 0
35 193 0
35 200 0
35 218 0
35 225 0
35 230 0
35 235 0
43 87 0
43 168 0
43 177 0
43 185 0
43 188 0
43 193 0
43 200 0
43 230 0
43 235 0
50 57 0
50 168 0
50 177 0
50 185 0
50 188 0
50 193 0
50 200 0
50 230 0
50 235 0
57 102 0
57 143 0
57 155 0
57 168 0
57 177 0
57 185 0
57 188 0
57 193 0
57 200 0
57 218 0
57 225 0
57 230 0
57 235 0
87 102 0
87 143 0
87 155 0
87 168 0
87 177 0
87 185 0
87 188 0
87 193 0
87 200 0
87 218 0
87 225 0
87 230 0
87 235 0
102 168 0
102 177 0
102 185 0
102 188 0
102 193 0
102 200 0
102 230 0
102 235 0
143 168 0
143 177 0
143 185 0
143 188 0
143 193 0
143 200 0
143 230 0
143 235 0
155 168 0
155 177 0
155 185 0
155 188 0
155 193 0
155 200 0
155 230 0
155 235 0
168 177 0
168 188 0
168 193 0
168 200 0
168 218 0
168 225 0
168 230 0
177 185 0
177 188 0
177 200 0
177 218 0
177 225 0
177 230 0
177 235 0
185 188 0
185 193 0
185 200 0
185 218 0
185 225 0
185 230 0
188 193 0
188 218 0
188 225 0
188 235 0
193 200 0
193 218 0
193 225 0
193 230 0
193 235 0
200 218 0
200 225 0
200 235 0
218 230 0
218 235 0
225 230 0
225 235 0
230 235 0
2 12 0
2 17 0
2 24 0
2 31 0
2 41 0
2 48 0
2 53 0
2 62 0
2 76 0
2 93 0
2 104 0
2 111 0
2 121 0
2 126 0
2 148 0
2 216 0
2 223 0
12 53 0
12 62 0
12 69 0
12 76 0
12 126 0
12 133 0
12 216 0
17 62 0
17 69 0
17 76 0
17 126 0
17 133 0
17 216 0
24 53 0
24 62 0
24 69 0
24 76 0
24 126 0
24 133 0
24 216 0
31 62 0
31 69 0
31 76 0
31 126 0
31 133 0
31 216 0
41 62 0
41 69 0
41 76 0
41 126 0
41 133 0
41 216 0
48 53 0
48 62 0
48 69 0
48 76 0
48 126 0
48 133 0
48 216 0
53 62 0
53 69 0
53 76 0
53 93 0
53 104 0
53 111 0
53 121 0
53 126 0
53 133 0
53 148 0
53 216 0
53 223 0
62 69 0
62 93 0
62 104 0
62 111 0
62 121 0
62 133 0
62 148 0
62 223 0
69 76 0
69 93 0
69 104 0
69 111 0
69 121 0
69 126 0
69 148 0
69 216 0
69 223 0
76 93 0
76 104 0
76 111 0
76 121 0
76 133 0
76 148 0
76 223 0
93 126 0
93 133 0
93 216 0
104 126 0
104 133 0
104 216 0
111 126 0
111 133 0
111 216 0
121 126 0
121 133 0
121 216 0
126 133 0
126 148 0
126 223 0
133 148 0
133 216 0
133 223 0
148 216 0
216 223 0
3 74 0
3 82 0
3 128 0
15 74 0
15 82 0
15 88 0
15 128 0
15 167 0
15 189 0
15 201 0
15 229 0
15 236 0
22 34 0
22 56 0
22 74 0
22 82 0
22 128 0
22 167 0
22 189 0
22 201 0
22 229 0
22 236 0
34 65 0
34 74 0
34 82 0
34 123 0
34 128 0
34 135 0
34 208 0
34 213 0
56 65 0
56 74 0
56 82 0
56 123 0
56 128 0
56 135 0
56 208 0
56 213 0
65 74 0
65 88 0
65 167 0
65 189 0
65 201 0
65 229 0
65 236 0
74 82 0
74 88 0
74 95 0
74 167 0
74 189 0
74 201 0
74 208 0
74 213 0
74 229 0
74 236 0
82 88 0
82 95 0
82 123 0
82 135 0
82 167 0
82 189 0
82 201 0
82 208 0
82 229 0
82 236 0
88 95 0
88 123 0
88 128 0
88 135 0
88 208 0
88 213 0
95 128 0
95 167 0
95 189 0
95 201 0
95 229 0
95 236 0
123 167 0
123 189 0
123 201 0
123 229 0
123 236 0
128 167 0
128 189 0
128 201 0
128 208 0
128 213 0
128 229 0
128 236 0
135 167 0
135 189 0
135 201 0
135 229 0
135 236 0
167 208 0
167 213 0
189 208 0
189 213 0
201 208 0
201 213 0
208 229 0
208 236 0
213 229 0
213 236 0
4 19 0
4 28 0
4 36 0
4 39 0
4 44 0
4 51 0
4 86 0
4 91 0
4 100 0
4 169 0
4 176 0
4 186 0
4 194 0
4 234 0
19 100 0
19 107 0
19 114 0
19 145 0
19 152 0
19 227 0
28 91 0
28 100 0
28 107 0
28 114 0
28 145 0
28 152 0
28 227 0
36 100 0
36 107 0
36 114 0
36 145 0
36 152 0
36 227 0
39 100 0
39 107 0
39 114 0
39 145 0
39 152 0
39 227 0
44 100 0
44 107 0
44 114 0
44 145 0
44 152 0
44 227 0
51 100 0
51 107 0
51 114 0
51 145 0
51 152 0
51 227 0
86 100 0
86 107 0
86 114 0
86 145 0
86 152 0
86 227 0
91 100 0
91 107 0
91 114 0
91 145 0
91 152 0
91 169 0
91 176 0
91 186 0
91 194 0
91 227 0
91 234 0
100 107 0
100 152 0
100 169 0
100 176 0
100 186 0
100 194 0
100 234 0
107 114 0
107 145 0
107 169 0
107 176 0
107 186 0
107 194 0
107 234 0
114 169 0
114 176 0
114 186 0
114 194 0
114 234 0
145 169 0
145 176 0
145 186 0
145 194 0
145 234 0
152 169 0
152 176 0
152 186 0
152 194 0
152 227 0
152 234 0
169 227 0
176 227 0
186 227 0
194 227 0
227 234 0
5 161 0
5 173 0
5 197 0
13 81 0
13 141 0
13 161 0
13 166 0
13 173 0
13 180 0
13 190 0
13 197 0
13 202 0
13 209 0
13 237 0
25 81 0
25 141 0
25 161 0
25 166 0
25 173 0
25 180 0
25 190 0
25 197 0
25 202 0
25 209 0
25 237 0
32 81 0
32 141 0
32 161 0
32 166 0
32 173 0
32 180 0
32 190 0
32 197 0
32 202 0
32 209 0
32 237 0
47 81 0
47 141 0
47 161 0
47 166 0
47 173 0
47 180 0
47 190 0
47 197 0
47 202 0
47 209 0
47 237 0
54 81 0
54 141 0
54 161 0
54 166 0
54 173 0
54 180 0
54 190 0
54 197 0
54 202 0
54 209 0
54 237 0
75 161 0
75 173 0
75 197 0
81 161 0
81 173 0
81 197 0
127 161 0
127 173 0
127 197 0
134 161 0
134 173 0
134 197 0
141 161 0
141 173 0
141 197 0
161 166 0
161 202 0
161 209 0
166 173 0
166 197 0
173 180 0
173 190 0
173 202 0
173 209 0
197 202 0
197 209 0
197 237 0
6 58 0
6 70 0
6 132 0
18 119 0
18 137 0
18 160 0
18 220 0
40 119 0
40 137 0
40 160 0
40 220 0
52 119 0
52 137 0
52 160 0
52 220 0
58 113 0
58 119 0
58 137 0
58 146 0
58 153 0
58 160 0
58 220 0
70 113 0
70 119 0
70 137 0
70 146 0
70 153 0
70 160 0
70 220 0
85 119 0
85 137 0
85 160 0
85 220 0
92 119 0
92 137 0
92 160 0
92 220 0
113 132 0
119 132 0
132 137 0
132 146 0
132 153 0
132 160 0
132 220 0
7 21 0
7 38 0
7 66 0
7 73 0
7 83 0
7 89 0
7 129 0
7 212 0
21 165 0
21 172 0
21 179 0
21 191 0
21 198 0
21 238 0
26 66 0
26 73 0
26 83 0
26 129 0
26 212 0
38 165 0
38 172 0
38 179 0
38 191 0
38 198 0
38 238 0
66 165 0
66 172 0
66 179 0
66 191 0
66 198 0
66 238 0
73 165 0
73 172 0
73 179 0
73 191 0
73 198 0
73 238 0
83 165 0
83 172 0
83 179 0
83 191 0
83 198 0
83 238 0
89 165 0
89 172 0
89 179 0
89 191 0
89 198 0
89 238 0
129 165 0
129 172 0
129 179 0
129 191 0
129 198 0
129 238 0
165 212 0
172 212 0
179 212 0
191 212 0
198 212 0
212 238 0
8 96 0
8 108 0
8 151 0
20 156 0
20 184 0
20 206 0
20 231 0
27 156 0
27 184 0
27 206 0
27 231 0
37 156 0
37 184 0
37 206 0
37 231 0
45 156 0
45 184 0
45 206 0
45 231 0
90 156 0
90 184 0
90 206 0
90 231 0
96 156 0
96 178 0
96 184 0
96 192 0
96 199 0
96 206 0
96 231 0
108 156 0
108 178 0
108 184 0
108 192 0
108 199 0
108 206 0
108 231 0
151 156 0
151 178 0
151 184 0
151 192 0
151 199 0
151 206 0
151 231 0
9 98 0
9 117 0
9 158 0
61 98 0
61 117 0
61 158 0
61 162 0
61 174 0
61 181 0
61 196 0
61 203 0
61 210 0
68 80 0
68 98 0
68 117 0
68 140 0
68 158 0
68 162 0
68 174 0
68 181 0
68 196 0
68 203 0
80 98 0
80 105 0
80 110 0
80 117 0
80 122 0
80 149 0
80 158 0
80 222 0
98 140 0
98 162 0
98 181 0
98 203 0
98 210 0
98 217 0
98 222 0
105 117 0
105 140 0
105 158 0
105 162 0
105 181 0
105 203 0
105 210 0
110 140 0
110 162 0
110 174 0
110 181 0
110 196 0
110 203 0
110 210 0
117 140 0
117 162 0
117 174 0
117 181 0
117 196 0
117 203 0
117 210 0
117 217 0
122 140 0
122 162 0
122 181 0
122 203 0
122 210 0
140 149 0
140 158 0
140 222 0
149 162 0
149 181 0
149 203 0
149 210 0
158 162 0
158 174 0
158 181 0
158 196 0
158 203 0
158 210 0
158 217 0
162 217 0
162 222 0
174 217 0
174 222 0
181 217 0
181 222 0
196 217 0
196 222 0
203 217 0
203 222 0
210 222 0
59 99 0
59 106 0
59 163 0
59 170 0
59 175 0
59 182 0
59 187 0
59 195 0
59 204 0
59 228 0
59 233 0
71 99 0
71 106 0
71 175 0
71 182 0
71 204 0
71 228 0
71 233 0
78 99 0
78 106 0
78 163 0
78 170 0
78 175 0
78 182 0
78 187 0
78 195 0
78 204 0
78 228 0
78 233 0
99 131 0
99 138 0
106 131 0
106 138 0
118 170 0
118 187 0
118 233 0
131 175 0
131 182 0
131 204 0
131 228 0
131 233 0
138 163 0
138 170 0
138 175 0
138 182 0
138 187 0
138 195 0
138 204 0
138 228 0
138 233 0
159 170 0
159 187 0
159 233 0
163 233 0
170 182 0
170 204 0
170 221 0
187 221 0
221 233 0
67 183 0
67 205 0
67 232 0
72 97 0
72 109 0
72 116 0
72 150 0
72 157 0
84 183 0
84 205 0
84 232 0
97 164 0
97 171 0
97 239 0
109 164 0
109 171 0
109 239 0
116 164 0
116 171 0
116 239 0
150 164 0
150 171 0
150 239 0
157 164 0
157 171 0
157 239 0
183 211 0
205 211 0
211 232 0
12
0 1 2 3 4 5 6 7 8 9 10 11 12 13 14 15 16 17 18 19 20 21 22 23 24 25 26 27 28 29 30 31 32 33 34 35 36 37 38 39 40 41 42 43 44 45 46 47 48 49 50 51 52 53 54 55 56 57 58 59 60 61 62 63 64 65 66 67 68 69 70 71 72 73 74 75 76 77 78 79 80 81 82 83 84 85 86 87 88 89 90 91 92 93 94 95 96 97 98 99 100 101 102 103 104 105 106 107 108 109 110 111 112 113 114 115 116 117 118 119 120 121 122 123 124 125 126 127 128 129 130 131 132 133 134 135 136 137 138 139 140 141 142 143 144 145 146 147 148 149 150 151 152 153 154 155 156 157 158 159 160 161 162 163 164 165 166 167 168 169 170 171 172 173 174 175 176 177 178 179 180 181 182 183 184 185 186 187 188 189 190 191 192 193 194 195 196 197 198 199 200 201 202 203 204 205 206 207 208 209 210 211 212 213 214 215 216 217 218 219 220 221 222 223 224 225 226 227 228 229 230 231 232 233 234 235 236 237 238 239
1 3 4 0 7 6 8 2 5 10 11 9 39 40 41 42 43 44 45 46 47 48 49 50 51 52 53 54 55 56 57 19 18 17 16 15 14 13 12 38 37 36 35 34 33 32 31 85 86 87 88 89 90 91 92 93 94 95 96 97 98 99 100 101 102 103 104 105 106 107 108 109 110 111 112 113 114 115 116 117 118 119 120 121 122 20 21 22 23 24 25 26 27 28 29 30 161 162 163 164 165 166 167 168 169 170 171 172 173 174 175 176 177 178 179 180 181 182 183 184 185 186 187 142 143 144 145 146 147 148 149 150 151 152 153 154 155 156 157 158 159 160 188 189 190 191 192 193 194 195 196 197 198 199 200 201 202 203 204 205 206 58 59 60 61 62 63 64 65 66 67 68 69 70 71 72 73 74 75 76 77 78 79 80 81 82 83 84 123 124 125 126 127 128 129 130 131 132 133 134 135 136 137 138 139 140 141 218 219 220 221 222 223 224 225 226 227 228 229 230 231 232 233 234 235 236 237 238 239 207 208 209 210 211 212 213 214 215 216 217
2 5 6 9 3 10 0 11 7 4 1 8 58 59 60 61 62 63 64 65 66 67 68 69 70 71 72 73 74 75 76 77 78 79 80 81 82 83 84 123 124 125 126 127 128 129 130 131 132 133 134 135 136 137 138 139 140 141 142 143 144 145 146 147 148 149 150 151 152 153 154 155 156 157 158 159 160 103 102 101 100 99 98 97 96 207 208 209 210 211 212 213 214 215 216 217 38 37 36 35 34 33 32 31 85 86 87 88 89 90 91 92 93 94 95 46 45 44 43 42 41 40 39 122 121 120 119 118 117 116 115 218 219 220 221 222 223 224 225 226 227 228 12 13 14 15 16 17 18 19 20 21 22 23 24 25 26 27 28 29 30 187 186 185 184 183 182 181 180 229 230 231 232 233 234 235 236 237 238 239 195 194 193 192 191 190 189 188 161 162 163 164 165 166 167 168 169 170 171 172 173 174 175 176 177 178 179 104 105 106 107 108 109 110 111 112 113 114 47 48 49 50 51 52 53 54 55 56 57 196 197 198 199 200 201 202 203 204 205 206
3 0 7 1 2 8 5 4 6 11 9 10 38 37 36 35 34 33 32 31 85 86 87 88 89 90 91 92 93 94 95 46 45 44 43 42 41 40 39 12 13 14 15 16 17 18 19 20 21 22 23 24 25 26 27 28 29 30 161 162 163 164 165 166 167 168 169 170 171 172 173 174 175 176 177 178 179 180 181 182 183 184 185 186 187 47 48 49 50 51 52 53 54 55 56 57 58 59 60 61 62 63 64 65 66 67 68 69 70 71 72 73 74 75 76 77 78 79 80 81 82 83 84 188 189 190 191 192 193 194 195 196 197 198 199 200 201 202 203 204 205 206 123 124 125 126 127 128 129 130 131 132 133 134 135 136 137 138 139 140 141 96 97 98 99 100 101 102 103 104 105 106 107 108 109 110 111 112 113 114 115 116 117 118 119 120 121 122 142 143 144 145 146 147 148 149 150 151 152 153 154 155 156 157 158 159 160 229 230 231 232 233 234 235 236 237 238 239 207 208 209 210 211 212 213 214 215 216 217 218 219 220 221 222 223 224 225 226 227 228
4 6 8 10 0 11 1 9 2 7 3 5 96 97 98 99 100 101 102 103 104 105 106 107 108 109 110 111 112 113 114 115 116 117 118 119 120 121 122 142 143 144 145 146 147 148 149 150 151 152 153 154 155 156 157 158 159 160 188 189 190 191 192 193 194 195 196 197 198 199 200 201 202 203 204 205 206 168 167 166 165 164 163 162 161 218 219 220 221 222 223 224 225 226 227 228 12 13 14 15 16 17 18 19 20 21 22 23 24 25 26 27 28 29 30 31 32 33 34 35 36 37 38 187 186 185 184 183 182 181 180 229 230 231 232 233 234 235 236 237 238 239 39 40 41 42 43 44 45 46 47 48 49 50 51 52 53 54 55 56 57 84 83 82 81 80 79 78 77 207 208 209 210 211 212 213 214 215 216 217 130 129 128 127 126 125 124 123 58 59 60 61 62 63 64 65 66 67 68 69 70 71 72 73 74 75 76 169 170 171 172 173 174 175 176 177 178 179 85 86 87 88 89 90 91 92 93 94 95 131 132 133 134 135 136 137 138 139 140 141
5 9 3 2 11 0 7 6 10 1 8 4 123 124 125 126 127 128 129 130 131 132 133 134 135 136 137 138 139 140 141 65 64 63 62 61 60 59 58 84 83 82 81 80 79 78 77 207 208 209 210 211 212 213 214 215 216 217 38 37 36 35 34 33 32 31 85 86 87 88 89 90 91 92 93 94 95 46 45 44 43 42 41 40 39 66 67 68 69 70 71 72 73 74 75 76 187 186 185 184 183 182 181 180 229 230 231 232 233 234 235 236 237 238 239 195 194 193 192 191 190 189 188 12 13 14 15 16 17 18 19 20 21 22 23 24 25 26 27 28 29 30 161 162 163 164 165 166 167 168 169 170 171 172 173 174 175 176 177 178 179 142 143 144 145 146 147 148 149 150 151 152 153 154 155 156 157 158 159 160 103 102 101 100 99 98 97 96 122 121 120 119 118 117 116 115 218 219 220 221 222 223 224 225 226 227 228 47 48 49 50 51 52 53 54 55 56 57 196 197 198 199 200 201 202 203 204 205 206 104 105 106 107 108 109 110 111 112 113 114
6 10 0 4 9 1 2 8 11 3 5 7 142 143 144 145 146 147 148 149 150 151 152 153 154 155 156 157 158 159 160 103 102 101 100 99 98 97 96 122 121 120 119 118 117 116 115 218 219 220 221 222 223 224 225 226 227 228 12 13 14 15 16 17 18 19 20 21 22 23 24 25 26 27 28 29 30 31 32 33 34 35 36 37 38 104 105 106 107 108 109 110 111 112 113 114 84 83 82 81 80 79 78 77 207 208 209 210 211 212 213 214 215 216 217 130 129 128 127 126 125 124 123 39 40 41 42 43 44 45 46 47 48 49 50 51 52 53 54 55 56 57 58 59 60 61 62 63 64 65 66 67 68 69 70 71 72 73 74 75 76 188 189 190 191 192 193 194 195 196 197 198 199 200 201 202 203 204 205 206 168 167 166 165 164 163 162 161 187 186 185 184 183 182 181 180 229 230 231 232 233 234 235 236 237 238 239 85 86 87 88 89 90 91 92 93 94 95 131 132 133 134 135 136 137 138 139 140 141 169 170 171 172 173 174 175 176 177 178 179
7 8 5 11 1 9 3 10 4 2 0 6 161 162 163 164 165 166 167 168 169 170 171 172 173 174 175 176 177 178 179 180 181 182 183 184 185 186 187 188 189 190 191 192 193 194 195 196 197 198 199 200 201 202 203 204 205 206 123 124 125 126 127 128 129 130 131 132 133 134 135 136 137 138 139 140 141 65 64 63 62 61 60 59 58 229 230 231 232 233 234 235 236 237 238 239 39 40 41 42 43 44 45 46 47 48 49 50 51 52 53 54 55 56 57 19 18 17 16 15 14 13 12 84 83 82 81 80 79 78 77 207 208 209 210 211 212 213 214 215 216 217 38 37 36 35 34 33 32 31 85 86 87 88 89 90 91 92 93 94 95 122 121 120 119 118 117 116 115 218 219 220 221 222 223 224 225 226 227 228 149 148 147 146 145 144 143 142 96 97 98 99 100 101 102 103 104 105 106 107 108 109 110 111 112 113 114 66 67 68 69 70 71 72 73 74 75 76 20 21 22 23 24 25 26 27 28 29 30 150 151 152 153 154 155 156 157 158 159 160
8 11 1 7 10 3 4 5 9 0 6 2 188 189 190 191 192 193 194 195 196 197 198 199 200 201 202 203 204 205 206 168 167 166 165 164 163 162 161 187 186 185 184 183 182 181 180 229 230 231 232 233 234 235 236 237 238 239 39 40 41 42 43 44 45 46 47 48 49 50 51 52 53 54 55 56 57 19 18 17 16 15 14 13 12 169 170 171 172 173 174 175 176 177 178 179 122 121 120 119 118 117 116 115 218 219 220 221 222 223 224 225 226 227 228 149 148 147 146 145 144 143 142 38 37 36 35 34 33 32 31 85 86 87 88 89 90 91 92 93 94 95 96 97 98 99 100 101 102 103 104 105 106 107 108 109 110 111 112 113 114 123 124 125 126 127 128 129 130 131 132 133 134 135 136 137 138 139 140 141 65 64 63 62 61 60 59 58 84 83 82 81 80 79 78 77 207 208 209 210 211 212 213 214 215 216 217 20 21 22 23 24 25 26 27 28 29 30 150 151 152 153 154 155 156 157 158 159 160 66 67 68 69 70 71 72 73 74 75 76
9 2 11 5 6 7 10 3 0 8 4 1 84 83 82 81 80 79 78 77 207 208 209 210 211 212 213 214 215 216 217 130 129 128 127 126 125 124 123 58 59 60 61 62 63 64 65 66 67 68 69 70 71 72 73 74 75 76 187 186 185 184 183 182 181 180 229 230 231 232 233 234 235 236 237 238 239 195 194 193 192 191 190 189 188 131 132 133 134 135 136 137 138 139 140 141 142 143 144 145 146 147 148 149 150 151 152 153 154 155 156 157 158 159 160 103 102 101 100 99 98 97 96 161 162 163 164 165 166 167 168 169 170 171 172 173 174 175 176 177 178 179 122 121 120 119 118 117 116 115 218 219 220 221 222 223 224 225 226 227 228 38 37 36 35 34 33 32 31 85 86 87 88 89 90 91 92 93 94 95 46 45 44 43 42 41 40 39 12 13 14 15 16 17 18 19 20 21 22 23 24 25 26 27 28 29 30 196 197 198 199 200 201 202 203 204 205 206 104 105 106 107 108 109 110 111 112 113 114 47 48 49 50 51 52 53 54 55 56 57
10 4 9 6 8 2 11 0 1 5 7 3 122 121 120 119 118 117 116 115 218 219 220 221 222 223 224 225 226 227 228 149 148 147 146 145 144 143 142 96 97 98 99 100 101 102 103 104 105 106 107 108 109 110 111 112 113 114 84 83 82 81 80 79 78 77 207 208 209 210 211 212 213 214 215 216 217 130 129 128 127 126 125 124 123 150 151 152 153 154 155 156 157 158 159 160 188 189 190 191 192 193 194 195 196 197 198 199 200 201 202 203 204 205 206 168 167 166 165 164 163 162 161 58 59 60 61 62 63 64 65 66 67 68 69 70 71 72 73 74 75 76 187 186 185 184 183 182 181 180 229 230 231 232 233 234 235 236 237 238 239 12 13 14 15 16 17 18 19 20 21 22 23 24 25 26 27 28 29 30 31 32 33 34 35 36 37 38 39 40 41 42 43 44 45 46 47 48 49 50 51 52 53 54 55 56 57 131 132 133 134 135 136 137 138 139 140 141 169 170 171 172 173 174 175 176 177 178 179 85 86 87 88 89 90 91 92 93 94 95
11 7 10 8 5 4 9 1 3 6 2 0 187 186 185 184 183 182 181 180 229 230 231 232 233 234 235 236 237 238 239 195 194 193 192 191 190 189 188 161 162 163 164 165 166 167 168 169 170 171 172 173 174 175 176 177 178 179 122 121 120 119 118 117 116 115 218 219 220 221 222 223 224 225 226 227 228 149 148 147 146 145 144 143 142 196 197 198 199 200 201 202 203 204 205 206 123 124 125 126 127 128 129 130 131 132 133 134 135 136 137 138 139 140 141 65 64 63 62 61 60 59 58 96 97 98 99 100 101 102 103 104 105 106 107 108 109 110 111 112 113 114 84 83 82 81 80 79 78 77 207 208 209 210 211 212 213 214 215 216 217 39 40 41 42 43 44 45 46 47 48 49 50 51 52 53 54 55 56 57 19 18 17 16 15 14 13 12 38 37 36 35 34 33 32 31 85 86 87 88 89 90 91 92 93 94 95 150 151 152 153 154 155 156 157 158 159 160 66 67 68 69 70 71 72 73 74 75 76 20 21 22 23 24 25 26 27 28 29 30
