# runs/pinch1_N512.txt: samples 3000, monotonicity violations (D_n true, D_(n/2) false): 0
#    n   P(D_n)          P(0 in I_n)     slopeD          slopePI
     8 0.4940(0.0088) 0.4593(0.0095) nan(0.0000) nan(0.0000)
    16 0.4023(0.0077) 0.4197(0.0103) 0.2961(0.0138) 0.1303(0.0109)
    32 0.3317(0.0069) 0.3903(0.0101) 0.2787(0.0230) 0.1045(0.0125)
    64 0.2683(0.0058) 0.3593(0.0092) 0.3057(0.0221) 0.1194(0.0140)
   128 0.2230(0.0040) 0.3330(0.0075) 0.2670(0.0227) 0.1098(0.0123)
   256 0.1853(0.0043) 0.3080(0.0070) 0.2669(0.0292) 0.1126(0.0170)
   512 0.1537(0.0038) 0.2863(0.0067) 0.2703(0.0168) 0.1052(0.0128)
# runs/pinch0_N256.txt: samples 3000, monotonicity violations (D_n true, D_(n/2) false): 0
#    n   P(D_n)          P(0 in I_n)     slopeD          slopePI
     8 0.1307(0.0051) 0.4480(0.0079) nan(0.0000) nan(0.0000)
    16 0.0610(0.0044) 0.4137(0.0078) 1.0990(0.0926) 0.1150(0.0101)
    32 0.0230(0.0034) 0.3837(0.0064) 1.4072(0.1518) 0.1086(0.0105)
    64 0.0090(0.0021) 0.3503(0.0052) 1.3536(0.2586) 0.1311(0.0136)
   128 0.0020(0.0009) 0.3290(0.0059) 2.1699(0.5267) 0.0906(0.0099)
   256 0.0007(0.0005) 0.3090(0.0059) 1.5850(1.2175) 0.0905(0.0126)
