21 13 24
22 14 24
23 14 22
24 15 22
25 16 22
26 16 20
27 17 20
28 18 20
29 18 18
30 19 19
31 19 19
32 20 20
33 21 21
34 21 21
35 22 22
36 23 23
37 23 23
38 24 24
39 24 24
40 25 25
41 26 26
42 26 26
43 27 27
44 28 28
45 28 28
46 29 29
47 29 29
48 30 30
49 31 31
50 31 31
51 32 32
52 33 33
53 33 33
54 34 34
55 34 34
56 35 35
57 36 36
58 36 36
59 37 37
60 38 38
61 38 38
62 39 39
63 39 39
64 40 40
65 41 41
66 41 41
67 42 42
68 43 43
69 43 43
70 44 44
71 44 44
72 45 45
73 46 46
74 46 46
75 47 47
76 48 48
77 48 48
78 49 49
79 49 49
80 50 50
81 51 51
82 51 51
83 52 52
84 53 53
85 53 53
86 54 54
87 54 54
88 55 55
89 56 56
90 56 56
91 57 57
92 58 58
93 58 58
94 59 59
95 59 59
96 60 60
97 61 61
98 61 61
99 62 62
100 63 63
101 63 63
102 64 64
103 64 64
104 65 65
105 66 66
106 66 66
107 67 67
108 68 68
109 68 68
110 69 69
111 69 69
112 70 70
113 71 71
114 71 71
115 72 72
116 73 73
117 73 73
118 74 74
119 74 74
120 75 75
121 76 76
122 76 76
123 77 77
124 78 78
125 78 78
126 79 79
127 79 79
128 80 80
129 81 81
130 81 81
131 82 82
132 83 83
133 83 83
134 84 84
135 84 84
136 85 85
137 86 86
138 86 86
139 87 87
140 88 88
141 88 88
142 89 89
143 89 89
144 90 90
145 91 91
146 91 91
147 92 92
148 93 93
149 93 93
150 94 94
151 94 94
152 95 95
153 96 96
154 96 96
155 97 97
156 98 98
157 98 98
158 99 99
159 99 99
160 100 100
161 101 101
162 101 101
163 102 102
164 103 103
165 103 103
166 104 104
167 104 104
168 105 105
169 106 106
170 106 106
171 107 107
172 108 108
173 108 108
174 109 109
175 109 109
176 110 110
177 111 111
178 111 111
179 112 112
180 113 113
181 113 113
182 114 114
183 114 114
184 115 115
185 116 116
186 116 116
187 117 117
188 118 118
189 118 118
190 119 119
191 119 119
192 120 120
193 121 121
194 121 121
195 122 122
196 123 123
197 123 123
198 124 124
199 124 124
200 125 125
min E_s = 18 at beta_M = 29 beta_s = 18
