0 1 1 58 1.500 2 None 1 1
0 58 1 1 1.500 2 None 1 1
0 1 2 57 1.667 2 None 1 1
1 1 2 57 1.667 2 None 1 1
0 57 1 2 1.667 2 None 1 1
0 2 1 57 1.667 2 None 1 1
0 1 3 56 1.750 2 None 1 1
0 56 1 3 1.750 2 None 1 1
0 3 1 56 1.750 2 None 1 1
0 1 4 55 1.800 2 None 1 1
0 55 1 4 1.800 2 None 1 1
0 4 1 55 1.800 2 None 1 1
0 1 5 54 1.833 2 None 1 1
0 54 1 5 1.833 2 None 1 1
0 5 1 54 1.833 2 None 1 1
0 1 6 53 1.857 2 None 1 1
0 53 1 6 1.857 2 None 1 1
0 6 1 53 1.857 2 None 1 1
0 1 7 52 1.875 2 None 1 1
0 52 1 7 1.875 2 None 1 1
0 7 1 52 1.875 2 None 1 1
1 1 58 1 1.889 2 1 None 0
1 1 3 56 1.889 2 None 1 1
0 1 8 51 1.889 2 None 1 1
0 51 1 8 1.889 2 None 1 1
0 8 1 51 1.889 2 None 1 1
0 1 9 50 1.889 2 None 1 1
0 50 1 9 1.889 2 None 1 1
0 9 1 50 1.889 2 None 1 1
0 1 10 49 1.889 2 None 1 1
0 49 1 10 1.889 2 None 1 1
0 10 1 49 1.889 2 None 1 1
0 1 11 48 1.889 2 None 1 1
0 48 1 11 1.889 2 None 1 1
0 11 1 48 1.889 2 None 1 1
0 1 12 47 1.889 2 None 1 1
0 47 1 12 1.889 2 None 1 1
0 12 1 47 1.889 2 None 1 1
0 1 13 46 1.889 2 None 1 1
0 46 1 13 1.889 2 None 1 1
0 13 1 46 1.889 2 None 1 1
0 1 14 45 1.889 2 None 1 1
0 45 1 14 1.889 2 None 1 1
0 14 1 45 1.889 2 None 1 1
0 1 15 44 1.889 2 None 1 1
0 44 1 15 1.889 2 None 1 1
0 15 1 44 1.889 2 None 1 1
0 1 16 43 1.889 2 None 1 1
0 43 1 16 1.889 2 None 1 1
0 16 1 43 1.889 2 None 1 1
0 1 17 42 1.889 2 None 1 1
0 42 1 17 1.889 2 None 1 1
0 17 1 42 1.889 2 None 1 1
0 1 18 41 1.889 2 None 1 1
0 41 1 18 1.889 2 None 1 1
0 18 1 41 1.889 2 None 1 1
0 1 19 40 1.889 2 None 1 1
0 40 1 19 1.889 2 None 1 1
0 19 1 40 1.889 2 None 1 1
0 1 20 39 1.889 2 None 1 1
0 39 1 20 1.889 2 None 1 1
0 20 1 39 1.889 2 None 1 1
0 1 21 38 1.889 2 None 1 1
0 38 1 21 1.889 2 None 1 1
0 21 1 38 1.889 2 None 1 1
0 1 22 37 1.889 2 None 1 1
0 37 1 22 1.889 2 None 1 1
0 22 1 37 1.889 2 None 1 1
0 1 23 36 1.889 2 None 1 1
0 36 1 23 1.889 2 None 1 1
0 23 1 36 1.889 2 None 1 1
0 1 24 35 1.889 2 None 1 1
0 35 1 24 1.889 2 None 1 1
0 24 1 35 1.889 2 None 1 1
0 1 25 34 1.889 2 None 1 1
0 34 1 25 1.889 2 None 1 1
0 25 1 34 1.889 2 None 1 1
0 1 26 33 1.889 2 None 1 1
0 33 1 26 1.889 2 None 1 1
0 26 1 33 1.889 2 None 1 1
0 1 27 32 1.889 2 None 1 1
0 32 1 27 1.889 2 None 1 1
0 27 1 32 1.889 2 None 1 1
0 1 28 31 1.889 2 None 1 1
0 31 1 28 1.889 2 None 1 1
0 28 1 31 1.889 2 None 1 1
1 1 31 28 1.889 2 None 1 1
0 1 29 30 1.889 2 None 1 1
0 30 1 29 1.889 2 None 1 1
0 29 1 30 1.889 2 None 1 1
1 1 30 29 1.889 2 1 None 0
2 2 57 1 1.900 2 1 None 0
1 1 57 2 1.900 2 2 1 1
1 1 4 55 1.900 2 None 1 1
1 1 41 18 1.900 2 18 1 1
19 19 40 1 1.900 2 1 None 0
1 1 40 19 1.900 2 19 1 1
1 1 20 39 1.900 2 None 1 1
19 1 39 20 1.900 2 1 None 0
1 1 21 38 1.900 2 None 1 1
1 1 32 27 1.900 2 None 1 1
3 1 31 28 1.900 2 1 None 0
1 1 29 30 1.900 2 None 1 1
3 3 56 1 1.909 2 1 None 0
1 1 56 3 1.909 2 3 1 1
1 1 5 54 1.909 2 None 1 1
1 1 46 13 1.909 2 13 1 1
14 14 45 1 1.909 2 1 None 0
1 1 45 14 1.909 2 14 1 1
1 1 15 44 1.909 2 None 1 1
15 15 44 1 1.909 2 1 None 0
1 1 16 43 1.909 2 None 1 1
18 18 41 1 1.909 2 1 None 0
1 1 39 20 1.909 2 20 1 1
1 1 22 37 1.909 2 None 1 1
4 4 55 1 1.917 2 1 None 0
1 1 55 4 1.917 2 4 1 1
1 1 6 53 1.917 2 None 1 1
10 10 49 1 1.917 2 1 None 0
1 1 49 10 1.917 2 10 1 1
11 11 48 1 1.917 2 1 None 0
1 1 48 11 1.917 2 11 1 1
1 1 12 47 1.917 2 None 1 1
12 12 47 1 1.917 2 1 None 0
1 1 13 46 1.917 2 None 1 1
13 13 46 1 1.917 2 1 None 0
1 1 44 15 1.917 2 15 1 1
16 16 43 1 1.917 2 1 None 0
1 1 17 42 1.917 2 None 1 1
17 17 42 1 1.917 2 1 None 0
1 1 42 17 1.917 2 17 1 1
1 1 19 40 1.917 2 None 1 1
17 1 38 21 1.917 2 1 None 0
1 1 37 22 1.917 2 None 1 1
13 1 36 23 1.917 2 1 None 0
1 1 36 23 1.917 2 None 1 1
1 1 24 35 1.917 2 None 1 1
11 1 35 24 1.917 2 1 None 0
1 1 35 24 1.917 2 None 1 1
1 1 25 34 1.917 2 None 1 1
1 1 34 25 1.917 2 None 1 1
1 1 33 26 1.917 2 None 1 1
5 1 32 27 1.917 2 1 None 0
1 1 28 31 1.917 2 None 1 1
5 5 54 1 1.923 2 1 None 0
1 1 54 5 1.923 2 5 1 1
6 6 53 1 1.923 2 1 None 0
1 1 53 6 1.923 2 6 1 1
1 1 7 52 1.923 2 None 1 1
7 7 52 1 1.923 2 1 None 0
1 1 52 7 1.923 2 7 1 1
1 1 8 51 1.923 2 None 1 1
8 8 51 1 1.923 2 1 None 0
1 1 51 8 1.923 2 8 1 1
1 1 9 50 1.923 2 None 1 1
9 9 50 1 1.923 2 1 None 0
1 1 50 9 1.923 2 9 1 1
1 1 10 49 1.923 2 None 1 1
1 1 11 48 1.923 2 None 1 1
1 1 47 12 1.923 2 12 1 1
1 1 14 45 1.923 2 None 1 1
1 1 43 16 1.923 2 16 1 1
1 1 18 41 1.923 2 None 1 1
1 1 38 21 1.923 2 None 1 1
15 1 37 22 1.923 2 1 None 0
1 1 23 36 1.923 2 None 1 1
9 1 34 25 1.923 2 1 None 0
1 1 26 33 1.923 2 None 1 1
7 1 33 26 1.923 2 1 None 0
1 1 27 32 1.923 2 None 1 1
28 1 58 1 2.000 2 None 1 1
29 1 58 1 2.000 2 None 1 1
1 2 57 1 2.000 2 None 1 1
1 56 3 1 2.000 2 None 1 1
1 55 4 1 2.000 2 None 1 1
2 1 31 28 2.000 2 None 2 1
0 2 2 56 2.000 2 None 1 1
1 2 2 56 2.000 2 None 1 1
0 56 2 2 2.000 2 None 1 1
1 2 56 2 2.000 2 None 2 1
0 2 3 55 2.000 2 None 1 1
1 2 3 55 2.000 2 None 1 1
1 55 3 2 2.000 2 None 1 1
0 55 2 3 2.000 2 None 1 1
1 3 2 55 2.000 2 None 1 1
0 3 2 55 2.000 2 None 1 1
1 2 55 3 2.000 2 None 1 1
0 2 4 54 2.000 2 None 1 1
1 2 4 54 2.000 2 None 1 1
1 54 4 2 2.000 2 None 1 1
0 54 2 4 2.000 2 None 1 1
1 4 2 54 2.000 2 None 1 1
0 4 2 54 2.000 2 None 1 1
1 2 54 4 2.000 2 None 1 1
0 2 5 53 2.000 2 None 1 1
1 2 5 53 2.000 2 None 1 1
0 53 2 5 2.000 2 None 1 1
1 5 2 53 2.000 2 None 1 1
0 5 2 53 2.000 2 None 1 1
1 2 53 5 2.000 2 None 1 1
0 2 6 52 2.000 2 None 1 1
1 2 6 52 2.000 2 None 1 1
0 52 2 6 2.000 2 None 1 1
1 6 2 52 2.000 2 None 1 1
0 6 2 52 2.000 2 None 1 1
1 2 52 6 2.000 2 None 1 1
0 2 7 51 2.000 2 None 1 1
1 2 7 51 2.000 2 None 1 1
0 51 2 7 2.000 2 None 1 1
1 7 2 51 2.000 2 None 1 1
0 7 2 51 2.000 2 None 1 1
1 2 51 7 2.000 2 None 1 1
0 2 8 50 2.000 2 None 1 1
1 2 8 50 2.000 2 None 1 1
0 50 2 8 2.000 2 None 1 1
1 8 2 50 2.000 2 None 1 1
0 8 2 50 2.000 2 None 1 1
1 2 50 8 2.000 2 None 1 1
0 2 9 49 2.000 2 None 1 1
1 2 9 49 2.000 2 None 1 1
0 49 2 9 2.000 2 None 1 1
1 9 2 49 2.000 2 None 1 1
0 9 2 49 2.000 2 None 1 1
1 2 49 9 2.000 2 None 1 1
0 2 10 48 2.000 2 None 1 1
1 2 10 48 2.000 2 None 1 1
0 48 2 10 2.000 2 None 1 1
1 10 2 48 2.000 2 None 1 1
0 10 2 48 2.000 2 None 1 1
1 2 48 10 2.000 2 None 1 1
0 2 11 47 2.000 2 None 1 1
1 2 11 47 2.000 2 None 1 1
0 47 2 11 2.000 2 None 1 1
1 11 2 47 2.000 2 None 1 1
0 11 2 47 2.000 2 None 1 1
1 2 47 11 2.000 2 None 1 1
0 2 12 46 2.000 2 None 1 1
1 2 12 46 2.000 2 None 1 1
0 46 2 12 2.000 2 None 1 1
1 12 2 46 2.000 2 None 1 1
0 12 2 46 2.000 2 None 1 1
1 2 46 12 2.000 2 None 1 1
0 2 13 45 2.000 2 None 1 1
1 2 13 45 2.000 2 None 1 1
0 45 2 13 2.000 2 None 1 1
1 13 2 45 2.000 2 None 1 1
0 13 2 45 2.000 2 None 1 1
1 2 45 13 2.000 2 None 1 1
0 2 14 44 2.000 2 None 1 1
1 2 14 44 2.000 2 None 1 1
0 44 2 14 2.000 2 None 1 1
1 14 2 44 2.000 2 None 1 1
0 14 2 44 2.000 2 None 1 1
1 2 44 14 2.000 2 None 1 1
0 2 15 43 2.000 2 None 1 1
1 2 15 43 2.000 2 None 1 1
0 43 2 15 2.000 2 None 1 1
1 15 2 43 2.000 2 None 1 1
0 15 2 43 2.000 2 None 1 1
1 2 43 15 2.000 2 None 1 1
0 2 16 42 2.000 2 None 1 1
1 2 16 42 2.000 2 None 1 1
0 42 2 16 2.000 2 None 1 1
1 16 2 42 2.000 2 None 1 1
0 16 2 42 2.000 2 None 1 1
1 2 42 16 2.000 2 None 1 1
0 2 17 41 2.000 2 None 1 1
1 2 17 41 2.000 2 None 1 1
0 41 2 17 2.000 2 None 1 1
1 17 2 41 2.000 2 None 1 1
0 17 2 41 2.000 2 None 1 1
1 2 41 17 2.000 2 None 1 1
0 2 18 40 2.000 2 None 1 1
1 2 18 40 2.000 2 None 1 1
0 40 2 18 2.000 2 None 1 1
1 18 2 40 2.000 2 None 1 1
0 18 2 40 2.000 2 None 1 1
1 2 40 18 2.000 2 None 1 1
0 2 19 39 2.000 2 None 1 1
1 2 19 39 2.000 2 None 1 1
0 39 2 19 2.000 2 None 1 1
1 19 2 39 2.000 2 None 1 1
0 19 2 39 2.000 2 None 1 1
1 2 39 19 2.000 2 None 1 1
0 2 20 38 2.000 2 None 1 1
1 2 20 38 2.000 2 None 1 1
0 38 2 20 2.000 2 None 1 1
1 20 2 38 2.000 2 None 1 1
0 20 2 38 2.000 2 None 1 1
1 2 38 20 2.000 2 None 1 1
0 2 21 37 2.000 2 None 1 1
1 2 21 37 2.000 2 None 1 1
0 37 2 21 2.000 2 None 1 1
1 21 2 37 2.000 2 None 1 1
0 21 2 37 2.000 2 None 1 1
1 2 37 21 2.000 2 None 1 1
0 2 22 36 2.000 2 None 1 1
1 2 22 36 2.000 2 None 1 1
0 36 2 22 2.000 2 None 1 1
1 22 2 36 2.000 2 None 1 1
0 22 2 36 2.000 2 None 1 1
1 2 36 22 2.000 2 None 1 1
0 2 23 35 2.000 2 None 1 1
1 2 23 35 2.000 2 None 1 1
0 35 2 23 2.000 2 None 1 1
1 23 2 35 2.000 2 None 1 1
0 23 2 35 2.000 2 None 1 1
1 2 35 23 2.000 2 None 1 1
0 2 24 34 2.000 2 None 1 1
1 2 24 34 2.000 2 None 1 1
0 34 2 24 2.000 2 None 1 1
1 24 2 34 2.000 2 None 1 1
0 24 2 34 2.000 2 None 1 1
1 2 34 24 2.000 2 None 1 1
0 2 25 33 2.000 2 None 1 1
1 2 25 33 2.000 2 None 1 1
0 33 2 25 2.000 2 None 1 1
1 25 2 33 2.000 2 None 1 1
0 25 2 33 2.000 2 None 1 1
1 2 33 25 2.000 2 None 1 1
0 2 26 32 2.000 2 None 1 1
1 2 26 32 2.000 2 None 1 1
0 32 2 26 2.000 2 None 1 1
1 26 2 32 2.000 2 None 1 1
0 26 2 32 2.000 2 None 1 1
1 2 32 26 2.000 2 None 1 1
0 2 27 31 2.000 2 None 1 1
1 2 27 31 2.000 2 None 1 1
0 31 2 27 2.000 2 None 1 1
1 27 2 31 2.000 2 None 1 1
0 27 2 31 2.000 2 None 1 1
1 2 31 27 2.000 2 None 1 1
0 2 28 30 2.000 2 None 1 1
1 2 28 30 2.000 2 None 1 1
0 30 2 28 2.000 2 None 1 1
1 28 2 30 2.000 2 None 1 1
0 28 2 30 2.000 2 None 1 1
2 2 30 28 2.000 2 2 None 0
1 2 30 28 2.000 2 None 1 1
0 2 29 29 2.000 2 2 None 0
1 2 29 29 2.000 2 None 1 1
0 29 2 29 2.000 2 None 1 1
1 29 2 29 2.000 2 None 1 1
1 3 56 1 2.250 2 None 1 1
2 1 4 55 2.250 2 None 2 1
1 54 5 1 2.250 2 None 1 1
1 53 6 1 2.250 2 None 1 1
20 1 40 19 2.250 2 None 2 1
19 20 39 1 2.250 2 None 2 1
2 1 21 38 2.250 2 None 3 1
2 1 32 27 2.250 2 None 2 1
1 3 55 2 2.250 2 None 1 1
1 53 5 2 2.250 2 None 1 1
1 52 6 2 2.250 2 None 1 1
1 51 7 2 2.250 2 None 1 1
0 3 3 54 2.250 2 None 1 1
1 3 3 54 2.250 2 None 1 1
1 54 3 3 2.250 2 None 1 1
0 54 3 3 2.250 2 None 1 1
1 3 54 3 2.250 2 None 1 1
0 3 4 53 2.250 2 None 1 1
1 3 4 53 2.250 2 None 1 1
1 53 4 3 2.250 2 None 1 1
0 53 3 4 2.250 2 None 1 1
1 53 3 4 2.250 2 None 1 1
0 4 3 53 2.250 2 None 1 1
1 3 53 4 2.250 2 None 1 1
0 3 5 52 2.250 2 None 1 1
1 3 5 52 2.250 2 None 1 1
1 52 5 3 2.250 2 None 1 1
0 52 3 5 2.250 2 None 1 1
0 5 3 52 2.250 2 None 1 1
1 3 52 5 2.250 2 None 1 1
0 3 6 51 2.250 2 None 1 1
1 3 6 51 2.250 2 None 1 1
1 51 6 3 2.250 2 None 1 1
0 51 3 6 2.250 2 None 1 1
1 51 3 6 2.250 2 None 1 1
0 6 3 51 2.250 2 None 1 1
1 3 51 6 2.250 2 None 1 1
0 3 7 50 2.250 2 None 1 1
1 3 7 50 2.250 2 None 1 1
0 50 3 7 2.250 2 None 1 1
0 7 3 50 2.250 2 None 1 1
1 3 50 7 2.250 2 None 1 1
0 3 8 49 2.250 2 None 1 1
1 3 8 49 2.250 2 None 1 1
0 49 3 8 2.250 2 None 1 1
0 8 3 49 2.250 2 None 1 1
1 3 49 8 2.250 2 None 1 1
0 3 9 48 2.250 2 None 1 1
1 3 9 48 2.250 2 None 1 1
0 48 3 9 2.250 2 None 1 1
0 9 3 48 2.250 2 None 1 1
1 3 48 9 2.250 2 None 1 1
0 3 10 47 2.250 2 None 1 1
1 3 10 47 2.250 2 None 1 1
0 47 3 10 2.250 2 None 1 1
0 10 3 47 2.250 2 None 1 1
1 3 47 10 2.250 2 None 1 1
0 3 11 46 2.250 2 None 1 1
1 3 11 46 2.250 2 None 1 1
0 46 3 11 2.250 2 None 1 1
0 11 3 46 2.250 2 None 1 1
1 3 46 11 2.250 2 None 1 1
0 3 12 45 2.250 2 None 1 1
1 3 12 45 2.250 2 None 1 1
0 45 3 12 2.250 2 None 1 1
0 12 3 45 2.250 2 None 1 1
1 3 45 12 2.250 2 None 1 1
0 3 13 44 2.250 2 None 1 1
1 3 13 44 2.250 2 None 1 1
0 44 3 13 2.250 2 None 1 1
0 13 3 44 2.250 2 None 1 1
1 3 44 13 2.250 2 None 1 1
0 3 14 43 2.250 2 None 1 1
1 3 14 43 2.250 2 None 1 1
0 43 3 14 2.250 2 None 1 1
0 14 3 43 2.250 2 None 1 1
1 3 43 14 2.250 2 None 1 1
0 3 15 42 2.250 2 None 1 1
1 3 15 42 2.250 2 None 1 1
0 42 3 15 2.250 2 None 1 1
0 15 3 42 2.250 2 None 1 1
1 3 42 15 2.250 2 None 1 1
0 3 16 41 2.250 2 None 1 1
1 3 16 41 2.250 2 None 1 1
0 41 3 16 2.250 2 None 1 1
0 16 3 41 2.250 2 None 1 1
1 3 41 16 2.250 2 None 1 1
0 3 17 40 2.250 2 None 1 1
1 3 17 40 2.250 2 None 1 1
0 40 3 17 2.250 2 None 1 1
0 17 3 40 2.250 2 None 1 1
1 3 40 17 2.250 2 None 1 1
0 3 18 39 2.250 2 None 1 1
1 3 18 39 2.250 2 None 1 1
0 39 3 18 2.250 2 None 1 1
0 18 3 39 2.250 2 None 1 1
1 3 39 18 2.250 2 None 1 1
0 3 19 38 2.250 2 None 1 1
1 3 19 38 2.250 2 None 1 1
0 38 3 19 2.250 2 None 1 1
0 19 3 38 2.250 2 None 1 1
1 3 38 19 2.250 2 None 1 1
0 3 20 37 2.250 2 None 1 1
1 3 20 37 2.250 2 None 1 1
0 37 3 20 2.250 2 None 1 1
0 20 3 37 2.250 2 None 1 1
1 3 37 20 2.250 2 None 1 1
0 3 21 36 2.250 2 None 1 1
1 3 21 36 2.250 2 None 1 1
0 36 3 21 2.250 2 None 1 1
0 21 3 36 2.250 2 None 1 1
1 3 36 21 2.250 2 None 1 1
0 3 22 35 2.250 2 None 1 1
1 3 22 35 2.250 2 None 1 1
0 35 3 22 2.250 2 None 1 1
0 22 3 35 2.250 2 None 1 1
1 3 35 22 2.250 2 None 1 1
0 3 23 34 2.250 2 None 1 1
1 3 23 34 2.250 2 None 1 1
0 34 3 23 2.250 2 None 1 1
0 23 3 34 2.250 2 None 1 1
1 3 34 23 2.250 2 None 1 1
0 3 24 33 2.250 2 None 1 1
1 3 24 33 2.250 2 None 1 1
0 33 3 24 2.250 2 None 1 1
0 24 3 33 2.250 2 None 1 1
1 3 33 24 2.250 2 None 1 1
0 3 25 32 2.250 2 None 1 1
1 3 25 32 2.250 2 None 1 1
0 32 3 25 2.250 2 None 1 1
0 25 3 32 2.250 2 None 1 1
1 3 32 25 2.250 2 None 1 1
0 3 26 31 2.250 2 None 1 1
1 3 26 31 2.250 2 None 1 1
0 31 3 26 2.250 2 None 1 1
0 26 3 31 2.250 2 None 1 1
1 3 31 26 2.250 2 None 1 1
0 3 27 30 2.250 2 None 1 1
1 3 27 30 2.250 2 None 1 1
0 30 3 27 2.250 2 None 1 1
0 27 3 30 2.250 2 None 1 1
1 3 30 27 2.250 2 None 1 1
0 3 28 29 2.250 2 None 1 1
1 3 28 29 2.250 2 None 1 1
0 29 3 28 2.250 2 None 1 1
0 28 3 29 2.250 2 None 1 1
1 3 29 28 2.250 2 3 1 1
19 1 58 1 2.400 2 None 1 1
1 4 55 1 2.400 2 None 1 1
1 52 7 1 2.400 2 None 1 1
1 51 8 1 2.400 2 None 1 1
19 18 41 1 2.400 2 None 3 1
2 1 41 18 2.400 2 None 3 1
1 4 54 2 2.400 2 None 1 1
1 50 8 2 2.400 2 None 1 1
1 49 9 2 2.400 2 None 1 1
1 48 10 2 2.400 2 None 1 1
1 4 3 53 2.400 2 None 1 1
1 4 53 3 2.400 2 None 1 1
1 52 3 5 2.400 2 None 1 1
1 49 8 3 2.400 2 None 1 1
1 49 3 8 2.400 2 None 1 1
1 48 9 3 2.400 2 None 1 1
1 47 10 3 2.400 2 None 1 1
3 3 30 27 2.400 2 3 1 1
0 4 4 52 2.400 2 None 1 1
1 4 4 52 2.400 2 None 1 1
1 52 4 4 2.400 2 None 1 1
0 52 4 4 2.400 2 None 1 1
1 4 52 4 2.400 2 None 1 1
0 4 5 51 2.400 2 None 1 1
1 4 5 51 2.400 2 None 1 1
1 51 5 4 2.400 2 None 1 1
0 51 4 5 2.400 2 None 1 1
1 51 4 5 2.400 2 None 1 1
0 5 4 51 2.400 2 None 1 1
1 4 51 5 2.400 2 None 1 1
0 4 6 50 2.400 2 None 1 1
1 4 6 50 2.400 2 None 1 1
1 50 6 4 2.400 2 None 1 1
0 50 4 6 2.400 2 None 1 1
1 50 4 6 2.400 2 None 1 1
0 6 4 50 2.400 2 None 1 1
1 4 50 6 2.400 2 None 1 1
0 4 7 49 2.400 2 None 1 1
1 4 7 49 2.400 2 None 1 1
1 49 7 4 2.400 2 None 1 1
0 49 4 7 2.400 2 None 1 1
0 7 4 49 2.400 2 None 1 1
1 4 49 7 2.400 2 None 1 1
0 4 8 48 2.400 2 None 1 1
1 4 8 48 2.400 2 None 1 1
1 48 8 4 2.400 2 None 1 1
0 48 4 8 2.400 2 None 1 1
1 48 4 8 2.400 2 None 1 1
0 8 4 48 2.400 2 None 1 1
1 4 48 8 2.400 2 None 1 1
0 4 9 47 2.400 2 None 1 1
1 4 9 47 2.400 2 None 1 1
0 47 4 9 2.400 2 None 1 1
1 47 4 9 2.400 2 None 1 1
0 9 4 47 2.400 2 None 1 1
1 4 47 9 2.400 2 None 1 1
0 4 10 46 2.400 2 None 1 1
1 4 10 46 2.400 2 None 1 1
0 46 4 10 2.400 2 None 1 1
0 10 4 46 2.400 2 None 1 1
1 4 46 10 2.400 2 None 1 1
0 4 11 45 2.400 2 None 1 1
1 4 11 45 2.400 2 None 1 1
0 45 4 11 2.400 2 None 1 1
0 11 4 45 2.400 2 None 1 1
1 4 45 11 2.400 2 None 1 1
0 4 12 44 2.400 2 None 1 1
1 4 12 44 2.400 2 None 1 1
0 44 4 12 2.400 2 None 1 1
0 12 4 44 2.400 2 None 1 1
1 4 44 12 2.400 2 None 1 1
0 4 13 43 2.400 2 None 1 1
1 4 13 43 2.400 2 None 1 1
0 43 4 13 2.400 2 None 1 1
0 13 4 43 2.400 2 None 1 1
1 4 43 13 2.400 2 None 1 1
0 4 14 42 2.400 2 None 1 1
1 4 14 42 2.400 2 None 1 1
0 42 4 14 2.400 2 None 1 1
0 14 4 42 2.400 2 None 1 1
1 4 42 14 2.400 2 None 1 1
0 4 15 41 2.400 2 None 1 1
1 4 15 41 2.400 2 None 1 1
0 41 4 15 2.400 2 None 1 1
0 15 4 41 2.400 2 None 1 1
1 4 41 15 2.400 2 None 1 1
0 4 16 40 2.400 2 None 1 1
1 4 16 40 2.400 2 None 1 1
0 40 4 16 2.400 2 None 1 1
0 16 4 40 2.400 2 None 1 1
1 4 40 16 2.400 2 None 1 1
0 4 17 39 2.400 2 None 1 1
1 4 17 39 2.400 2 None 1 1
0 39 4 17 2.400 2 None 1 1
0 17 4 39 2.400 2 None 1 1
1 4 39 17 2.400 2 None 1 1
0 4 18 38 2.400 2 None 1 1
1 4 18 38 2.400 2 None 1 1
0 38 4 18 2.400 2 None 1 1
0 18 4 38 2.400 2 None 1 1
1 4 38 18 2.400 2 None 1 1
0 4 19 37 2.400 2 None 1 1
1 4 19 37 2.400 2 None 1 1
0 37 4 19 2.400 2 None 1 1
0 19 4 37 2.400 2 None 1 1
1 4 37 19 2.400 2 None 1 1
0 4 20 36 2.400 2 None 1 1
1 4 20 36 2.400 2 None 1 1
0 36 4 20 2.400 2 None 1 1
0 20 4 36 2.400 2 None 1 1
1 4 36 20 2.400 2 None 1 1
0 4 21 35 2.400 2 None 1 1
1 4 21 35 2.400 2 None 1 1
0 35 4 21 2.400 2 None 1 1
0 21 4 35 2.400 2 None 1 1
1 4 35 21 2.400 2 None 1 1
0 4 22 34 2.400 2 None 1 1
1 4 22 34 2.400 2 None 1 1
0 34 4 22 2.400 2 None 1 1
0 22 4 34 2.400 2 None 1 1
1 4 34 22 2.400 2 None 1 1
0 4 23 33 2.400 2 None 1 1
1 4 23 33 2.400 2 None 1 1
0 33 4 23 2.400 2 None 1 1
0 23 4 33 2.400 2 None 1 1
1 4 33 23 2.400 2 None 1 1
0 4 24 32 2.400 2 None 1 1
1 4 24 32 2.400 2 None 1 1
0 32 4 24 2.400 2 None 1 1
0 24 4 32 2.400 2 None 1 1
1 4 32 24 2.400 2 None 1 1
0 4 25 31 2.400 2 None 1 1
1 4 25 31 2.400 2 None 1 1
0 31 4 25 2.400 2 None 1 1
0 25 4 31 2.400 2 None 1 1
1 4 31 25 2.400 2 None 1 1
0 4 26 30 2.400 2 None 1 1
1 4 26 30 2.400 2 None 1 1
0 30 4 26 2.400 2 None 1 1
0 26 4 30 2.400 2 None 1 1
1 4 30 26 2.400 2 None 1 1
0 4 27 29 2.400 2 None 1 1
1 4 27 29 2.400 2 None 1 1
0 29 4 27 2.400 2 None 1 1
0 27 4 29 2.400 2 None 1 1
1 4 29 27 2.400 2 None 1 1
0 4 28 28 2.400 2 4 1 1
1 4 28 28 2.400 2 None 1 1
0 28 4 28 2.400 2 None 1 1
28 2 57 1 2.500 2 None 2 1
28 1 57 2 2.500 2 None 2 1
27 1 57 2 2.500 2 None 2 1
2 4 55 1 2.500 2 None 2 1
2 54 5 1 2.500 2 None 2 1
1 5 54 1 2.500 2 None 1 1
2 53 6 1 2.500 2 None 2 1
1 50 9 1 2.500 2 None 1 1
1 49 10 1 2.500 2 None 1 1
3 1 32 27 2.500 2 None 2 1
2 2 4 54 2.500 2 None 2 1
1 5 53 2 2.500 2 None 1 1
1 47 11 2 2.500 2 None 1 1
1 46 12 2 2.500 2 None 1 1
1 45 13 2 2.500 2 None 1 1
18 18 40 2 2.500 2 2 None 0
2 2 40 18 2.500 2 18 2 1
19 19 39 2 2.500 2 2 None 0
3 2 31 27 2.500 2 None 2 1
2 2 31 27 2.500 2 None 2 1
1 5 3 52 2.500 2 None 1 1
1 5 52 3 2.500 2 None 1 1
1 50 7 3 2.500 2 None 1 1
1 50 3 7 2.500 2 None 1 1
1 47 3 10 2.500 2 None 1 1
1 45 12 3 2.500 2 None 1 1
1 44 13 3 2.500 2 None 1 1
1 43 14 3 2.500 2 None 1 1
2 3 30 27 2.500 2 None 1 1
1 5 4 51 2.500 2 None 1 1
1 5 51 4 2.500 2 None 1 1
1 49 4 7 2.500 2 None 1 1
1 46 10 4 2.500 2 None 1 1
1 45 11 4 2.500 2 None 1 1
1 45 4 11 2.500 2 None 1 1
1 44 12 4 2.500 2 None 1 1
1 44 4 12 2.500 2 None 1 1
2 4 29 27 2.500 2 4 2 1
0 5 5 50 2.500 2 None 1 1
1 5 5 50 2.500 2 None 1 1
1 50 5 5 2.500 2 None 1 1
0 50 5 5 2.500 2 None 1 1
1 5 50 5 2.500 2 None 1 1
0 5 6 49 2.500 2 None 1 1
1 5 6 49 2.500 2 None 1 1
1 49 6 5 2.500 2 None 1 1
0 49 5 6 2.500 2 None 1 1
1 49 5 6 2.500 2 None 1 1
0 6 5 49 2.500 2 None 1 1
1 5 49 6 2.500 2 None 1 1
0 5 7 48 2.500 2 None 1 1
1 5 7 48 2.500 2 None 1 1
1 48 7 5 2.500 2 None 1 1
0 48 5 7 2.500 2 None 1 1
1 48 5 7 2.500 2 None 1 1
0 7 5 48 2.500 2 None 1 1
1 5 48 7 2.500 2 None 1 1
0 5 8 47 2.500 2 None 1 1
1 5 8 47 2.500 2 None 1 1
1 47 8 5 2.500 2 None 1 1
0 47 5 8 2.500 2 None 1 1
1 47 5 8 2.500 2 None 1 1
0 8 5 47 2.500 2 None 1 1
1 5 47 8 2.500 2 None 1 1
0 5 9 46 2.500 2 None 1 1
1 5 9 46 2.500 2 None 1 1
0 46 5 9 2.500 2 None 1 1
0 9 5 46 2.500 2 None 1 1
1 5 46 9 2.500 2 None 1 1
0 5 10 45 2.500 2 None 1 1
1 5 10 45 2.500 2 None 1 1
1 45 10 5 2.500 2 None 1 1
0 45 5 10 2.500 2 None 1 1
1 45 5 10 2.500 2 None 1 1
0 10 5 45 2.500 2 None 1 1
1 5 45 10 2.500 2 None 1 1
0 5 11 44 2.500 2 None 1 1
1 5 11 44 2.500 2 None 1 1
0 44 5 11 2.500 2 None 1 1
1 44 5 11 2.500 2 None 1 1
0 11 5 44 2.500 2 None 1 1
1 5 44 11 2.500 2 None 1 1
0 5 12 43 2.500 2 None 1 1
1 5 12 43 2.500 2 None 1 1
0 43 5 12 2.500 2 None 1 1
1 43 5 12 2.500 2 None 1 1
0 12 5 43 2.500 2 None 1 1
1 5 43 12 2.500 2 None 1 1
0 5 13 42 2.500 2 None 1 1
1 5 13 42 2.500 2 None 1 1
0 42 5 13 2.500 2 None 1 1
0 13 5 42 2.500 2 None 1 1
1 5 42 13 2.500 2 None 1 1
0 5 14 41 2.500 2 None 1 1
1 5 14 41 2.500 2 None 1 1
0 41 5 14 2.500 2 None 1 1
0 14 5 41 2.500 2 None 1 1
1 5 41 14 2.500 2 None 1 1
0 5 15 40 2.500 2 None 1 1
1 5 15 40 2.500 2 None 1 1
0 40 5 15 2.500 2 None 1 1
0 15 5 40 2.500 2 None 1 1
1 5 40 15 2.500 2 None 1 1
0 5 16 39 2.500 2 None 1 1
1 5 16 39 2.500 2 None 1 1
0 39 5 16 2.500 2 None 1 1
0 16 5 39 2.500 2 None 1 1
1 5 39 16 2.500 2 None 1 1
0 5 17 38 2.500 2 None 1 1
1 5 17 38 2.500 2 None 1 1
0 38 5 17 2.500 2 None 1 1
0 17 5 38 2.500 2 None 1 1
1 5 38 17 2.500 2 None 1 1
0 5 18 37 2.500 2 None 1 1
1 5 18 37 2.500 2 None 1 1
0 37 5 18 2.500 2 None 1 1
0 18 5 37 2.500 2 None 1 1
1 5 37 18 2.500 2 None 1 1
0 5 19 36 2.500 2 None 1 1
1 5 19 36 2.500 2 None 1 1
0 36 5 19 2.500 2 None 1 1
0 19 5 36 2.500 2 None 1 1
1 5 36 19 2.500 2 None 1 1
0 5 20 35 2.500 2 None 1 1
1 5 20 35 2.500 2 None 1 1
0 35 5 20 2.500 2 None 1 1
0 20 5 35 2.500 2 None 1 1
1 5 35 20 2.500 2 None 1 1
0 5 21 34 2.500 2 None 1 1
1 5 21 34 2.500 2 None 1 1
0 34 5 21 2.500 2 None 1 1
0 21 5 34 2.500 2 None 1 1
1 5 34 21 2.500 2 None 1 1
0 5 22 33 2.500 2 None 1 1
1 5 22 33 2.500 2 None 1 1
0 33 5 22 2.500 2 None 1 1
0 22 5 33 2.500 2 None 1 1
1 5 33 22 2.500 2 None 1 1
0 5 23 32 2.500 2 None 1 1
1 5 23 32 2.500 2 None 1 1
0 32 5 23 2.500 2 None 1 1
0 23 5 32 2.500 2 None 1 1
1 5 32 23 2.500 2 None 1 1
0 5 24 31 2.500 2 None 1 1
1 5 24 31 2.500 2 None 1 1
0 31 5 24 2.500 2 None 1 1
0 24 5 31 2.500 2 None 1 1
1 5 31 24 2.500 2 None 1 1
0 5 25 30 2.500 2 None 1 1
1 5 25 30 2.500 2 None 1 1
0 30 5 25 2.500 2 None 1 1
0 25 5 30 2.500 2 None 1 1
1 5 30 25 2.500 2 None 1 1
0 5 26 29 2.500 2 None 1 1
1 5 26 29 2.500 2 None 1 1
0 29 5 26 2.500 2 None 1 1
0 26 5 29 2.500 2 None 1 1
1 5 29 26 2.500 2 None 1 1
0 5 27 28 2.500 2 None 1 1
1 5 27 28 2.500 2 None 1 1
0 28 5 27 2.500 2 None 1 1
0 27 5 28 2.500 2 None 1 1
1 5 28 27 2.500 2 5 1 1
1 6 53 1 2.571 2 None 1 1
1 48 11 1 2.571 2 None 1 1
1 47 12 1 2.571 2 None 1 1
1 6 52 2 2.571 2 None 1 1
1 44 14 2 2.571 2 None 1 1
1 43 15 2 2.571 2 None 1 1
1 42 16 2 2.571 2 None 1 1
1 6 3 51 2.571 2 None 1 1
1 6 51 3 2.571 2 None 1 1
1 48 3 9 2.571 2 None 1 1
1 45 3 12 2.571 2 None 1 1
1 41 16 3 2.571 2 None 1 1
1 40 17 3 2.571 2 None 1 1
1 39 18 3 2.571 2 None 1 1
1 6 4 50 2.571 2 None 1 1
1 6 50 4 2.571 2 None 1 1
1 47 9 4 2.571 2 None 1 1
1 46 4 10 2.571 2 None 1 1
1 43 13 4 2.571 2 None 1 1
1 42 4 14 2.571 2 None 1 1
1 41 15 4 2.571 2 None 1 1
1 41 4 15 2.571 2 None 1 1
1 40 16 4 2.571 2 None 1 1
1 39 17 4 2.571 2 None 1 1
1 6 5 49 2.571 2 None 1 1
1 6 49 5 2.571 2 None 1 1
1 43 12 5 2.571 2 None 1 1
1 42 13 5 2.571 2 None 1 1
1 41 14 5 2.571 2 None 1 1
1 41 5 14 2.571 2 None 1 1
1 40 5 15 2.571 2 None 1 1
1 39 5 16 2.571 2 None 1 1
0 6 6 48 2.571 2 None 1 1
1 6 6 48 2.571 2 None 1 1
1 48 6 6 2.571 2 None 1 1
0 48 6 6 2.571 2 None 1 1
1 6 48 6 2.571 2 None 1 1
0 6 7 47 2.571 2 None 1 1
1 6 7 47 2.571 2 None 1 1
1 47 7 6 2.571 2 None 1 1
0 47 6 7 2.571 2 None 1 1
1 47 6 7 2.571 2 None 1 1
0 7 6 47 2.571 2 None 1 1
1 6 47 7 2.571 2 None 1 1
0 6 8 46 2.571 2 None 1 1
1 6 8 46 2.571 2 None 1 1
1 46 8 6 2.571 2 None 1 1
0 46 6 8 2.571 2 None 1 1
1 46 6 8 2.571 2 None 1 1
0 8 6 46 2.571 2 None 1 1
1 6 46 8 2.571 2 None 1 1
0 6 9 45 2.571 2 None 1 1
1 6 9 45 2.571 2 None 1 1
1 45 9 6 2.571 2 None 1 1
0 45 6 9 2.571 2 None 1 1
1 45 6 9 2.571 2 None 1 1
0 9 6 45 2.571 2 None 1 1
1 6 45 9 2.571 2 None 1 1
0 6 10 44 2.571 2 None 1 1
1 6 10 44 2.571 2 None 1 1
1 44 10 6 2.571 2 None 1 1
0 44 6 10 2.571 2 None 1 1
1 44 6 10 2.571 2 None 1 1
0 10 6 44 2.571 2 None 1 1
1 6 44 10 2.571 2 None 1 1
0 6 11 43 2.571 2 None 1 1
1 6 11 43 2.571 2 None 1 1
1 43 11 6 2.571 2 None 1 1
0 43 6 11 2.571 2 None 1 1
0 11 6 43 2.571 2 None 1 1
1 6 43 11 2.571 2 None 1 1
0 6 12 42 2.571 2 None 1 1
1 6 12 42 2.571 2 None 1 1
1 42 12 6 2.571 2 None 1 1
0 42 6 12 2.571 2 None 1 1
1 42 6 12 2.571 2 None 1 1
0 12 6 42 2.571 2 None 1 1
1 6 42 12 2.571 2 None 1 1
0 6 13 41 2.571 2 None 1 1
1 6 13 41 2.571 2 None 1 1
0 41 6 13 2.571 2 None 1 1
1 41 6 13 2.571 2 None 1 1
0 13 6 41 2.571 2 None 1 1
1 6 41 13 2.571 2 None 1 1
0 6 14 40 2.571 2 None 1 1
1 6 14 40 2.571 2 None 1 1
0 40 6 14 2.571 2 None 1 1
1 40 6 14 2.571 2 None 1 1
0 14 6 40 2.571 2 None 1 1
1 6 40 14 2.571 2 None 1 1
0 6 15 39 2.571 2 None 1 1
1 6 15 39 2.571 2 None 1 1
0 39 6 15 2.571 2 None 1 1
1 39 6 15 2.571 2 None 1 1
0 15 6 39 2.571 2 None 1 1
1 6 39 15 2.571 2 None 1 1
0 6 16 38 2.571 2 None 1 1
1 6 16 38 2.571 2 None 1 1
0 38 6 16 2.571 2 None 1 1
0 16 6 38 2.571 2 None 1 1
1 6 38 16 2.571 2 None 1 1
0 6 17 37 2.571 2 None 1 1
1 6 17 37 2.571 2 None 1 1
0 37 6 17 2.571 2 None 1 1
0 17 6 37 2.571 2 None 1 1
1 6 37 17 2.571 2 None 1 1
0 6 18 36 2.571 2 None 1 1
1 6 18 36 2.571 2 None 1 1
0 36 6 18 2.571 2 None 1 1
1 36 6 18 2.571 2 None 1 1
0 18 6 36 2.571 2 None 1 1
1 6 36 18 2.571 2 None 1 1
0 6 19 35 2.571 2 None 1 1
1 6 19 35 2.571 2 None 1 1
0 35 6 19 2.571 2 None 1 1
0 19 6 35 2.571 2 None 1 1
1 6 35 19 2.571 2 None 1 1
0 6 20 34 2.571 2 None 1 1
1 6 20 34 2.571 2 None 1 1
0 34 6 20 2.571 2 None 1 1
0 20 6 34 2.571 2 None 1 1
1 6 34 20 2.571 2 None 1 1
0 6 21 33 2.571 2 None 1 1
1 6 21 33 2.571 2 None 1 1
0 33 6 21 2.571 2 None 1 1
0 21 6 33 2.571 2 None 1 1
1 6 33 21 2.571 2 None 1 1
0 6 22 32 2.571 2 None 1 1
1 6 22 32 2.571 2 None 1 1
0 32 6 22 2.571 2 None 1 1
0 22 6 32 2.571 2 None 1 1
1 6 32 22 2.571 2 None 1 1
0 6 23 31 2.571 2 None 1 1
1 6 23 31 2.571 2 None 1 1
0 31 6 23 2.571 2 None 1 1
0 23 6 31 2.571 2 None 1 1
1 6 31 23 2.571 2 None 1 1
0 6 24 30 2.571 2 None 1 1
1 6 24 30 2.571 2 None 1 1
0 30 6 24 2.571 2 None 1 1
0 24 6 30 2.571 2 None 1 1
1 6 30 24 2.571 2 None 1 1
0 6 25 29 2.571 2 None 1 1
1 6 25 29 2.571 2 None 1 1
0 29 6 25 2.571 2 None 1 1
0 25 6 29 2.571 2 None 1 1
1 6 29 25 2.571 2 None 1 1
0 6 26 28 2.571 2 None 1 1
1 6 26 28 2.571 2 None 1 1
0 28 6 26 2.571 2 None 1 1
0 26 6 28 2.571 2 None 1 1
1 6 28 26 2.571 2 None 1 1
0 6 27 27 2.571 2 6 1 1
1 6 27 27 2.571 2 None 1 1
0 27 6 27 2.571 2 None 1 1
3 1 6 53 2.600 2 None 2 1
14 15 44 1 2.600 2 None 3 1
20 18 41 1 2.600 2 None 2 1
19 1 38 21 2.600 2 None 2 1
18 1 38 21 2.600 2 None 3 1
2 1 22 37 2.600 2 None 3 1
3 1 33 26 2.600 2 None 2 1
2 2 5 53 2.600 2 None 2 1
2 2 21 37 2.600 2 None 2 1
2 52 5 3 2.600 2 None 2 1
1 7 52 1 2.625 2 None 1 1
1 46 13 1 2.625 2 None 1 1
1 45 14 1 2.625 2 None 1 1
1 7 51 2 2.625 2 None 1 1
1 41 17 2 2.625 2 None 1 1
1 40 18 2 2.625 2 None 1 1
1 39 19 2 2.625 2 None 1 1
1 7 3 50 2.625 2 None 1 1
1 7 50 3 2.625 2 None 1 1
1 46 11 3 2.625 2 None 1 1
1 46 3 11 2.625 2 None 1 1
1 43 3 14 2.625 2 None 1 1
1 37 20 3 2.625 2 None 1 1
1 36 21 3 2.625 2 None 1 1
1 35 22 3 2.625 2 None 1 1
1 7 4 49 2.625 2 None 1 1
1 7 49 4 2.625 2 None 1 1
1 43 4 13 2.625 2 None 1 1
1 39 4 17 2.625 2 None 1 1
1 38 4 18 2.625 2 None 1 1
1 36 20 4 2.625 2 None 1 1
1 35 21 4 2.625 2 None 1 1
1 34 22 4 2.625 2 None 1 1
1 7 5 48 2.625 2 None 1 1
1 7 48 5 2.625 2 None 1 1
1 46 9 5 2.625 2 None 1 1
1 46 5 9 2.625 2 None 1 1
1 39 16 5 2.625 2 None 1 1
1 37 18 5 2.625 2 None 1 1
1 37 5 18 2.625 2 None 1 1
1 36 19 5 2.625 2 None 1 1
1 36 5 19 2.625 2 None 1 1
1 35 20 5 2.625 2 None 1 1
1 35 5 20 2.625 2 None 1 1
1 7 6 47 2.625 2 None 1 1
1 7 47 6 2.625 2 None 1 1
1 40 14 6 2.625 2 None 1 1
1 39 15 6 2.625 2 None 1 1
1 38 16 6 2.625 2 None 1 1
1 36 18 6 2.625 2 None 1 1
1 35 6 19 2.625 2 None 1 1
1 34 6 20 2.625 2 None 1 1
1 31 6 23 2.625 2 None 1 1
0 7 7 46 2.625 2 None 1 1
1 7 7 46 2.625 2 None 1 1
1 46 7 7 2.625 2 None 1 1
0 46 7 7 2.625 2 None 1 1
1 7 46 7 2.625 2 None 1 1
0 7 8 45 2.625 2 None 1 1
1 7 8 45 2.625 2 None 1 1
1 45 8 7 2.625 2 None 1 1
0 45 7 8 2.625 2 None 1 1
1 45 7 8 2.625 2 None 1 1
0 8 7 45 2.625 2 None 1 1
1 7 45 8 2.625 2 None 1 1
0 7 9 44 2.625 2 None 1 1
1 7 9 44 2.625 2 None 1 1
1 44 9 7 2.625 2 None 1 1
0 44 7 9 2.625 2 None 1 1
0 9 7 44 2.625 2 None 1 1
1 7 44 9 2.625 2 None 1 1
0 7 10 43 2.625 2 None 1 1
1 7 10 43 2.625 2 None 1 1
1 43 10 7 2.625 2 None 1 1
0 43 7 10 2.625 2 None 1 1
1 43 7 10 2.625 2 None 1 1
0 10 7 43 2.625 2 None 1 1
1 7 43 10 2.625 2 None 1 1
0 7 11 42 2.625 2 None 1 1
1 7 11 42 2.625 2 None 1 1
0 42 7 11 2.625 2 None 1 1
1 42 7 11 2.625 2 None 1 1
0 11 7 42 2.625 2 None 1 1
1 7 42 11 2.625 2 None 1 1
0 7 12 41 2.625 2 None 1 1
1 7 12 41 2.625 2 None 1 1
0 41 7 12 2.625 2 None 1 1
1 41 7 12 2.625 2 None 1 1
0 12 7 41 2.625 2 None 1 1
1 7 41 12 2.625 2 None 1 1
0 7 13 40 2.625 2 None 1 1
1 7 13 40 2.625 2 None 1 1
1 40 13 7 2.625 2 None 1 1
0 40 7 13 2.625 2 None 1 1
0 13 7 40 2.625 2 None 1 1
1 7 40 13 2.625 2 None 1 1
0 7 14 39 2.625 2 None 1 1
1 7 14 39 2.625 2 None 1 1
1 39 14 7 2.625 2 None 1 1
0 39 7 14 2.625 2 None 1 1
1 39 7 14 2.625 2 None 1 1
0 14 7 39 2.625 2 None 1 1
1 7 39 14 2.625 2 None 1 1
0 7 15 38 2.625 2 None 1 1
1 7 15 38 2.625 2 None 1 1
0 38 7 15 2.625 2 None 1 1
0 15 7 38 2.625 2 None 1 1
1 7 38 15 2.625 2 None 1 1
0 7 16 37 2.625 2 None 1 1
1 7 16 37 2.625 2 None 1 1
0 37 7 16 2.625 2 None 1 1
1 37 7 16 2.625 2 None 1 1
0 16 7 37 2.625 2 None 1 1
1 7 37 16 2.625 2 None 1 1
0 7 17 36 2.625 2 None 1 1
1 7 17 36 2.625 2 None 1 1
0 36 7 17 2.625 2 None 1 1
1 36 7 17 2.625 2 None 1 1
0 17 7 36 2.625 2 None 1 1
1 7 36 17 2.625 2 None 1 1
0 7 18 35 2.625 2 None 1 1
1 7 18 35 2.625 2 None 1 1
0 35 7 18 2.625 2 None 1 1
1 35 7 18 2.625 2 None 1 1
0 18 7 35 2.625 2 None 1 1
1 7 35 18 2.625 2 None 1 1
0 7 19 34 2.625 2 None 1 1
1 7 19 34 2.625 2 None 1 1
0 34 7 19 2.625 2 None 1 1
0 19 7 34 2.625 2 None 1 1
1 7 34 19 2.625 2 None 1 1
0 7 20 33 2.625 2 None 1 1
1 7 20 33 2.625 2 None 1 1
0 33 7 20 2.625 2 None 1 1
0 20 7 33 2.625 2 None 1 1
1 7 33 20 2.625 2 None 1 1
0 7 21 32 2.625 2 None 1 1
1 7 21 32 2.625 2 None 1 1
0 32 7 21 2.625 2 None 1 1
0 21 7 32 2.625 2 None 1 1
1 7 32 21 2.625 2 None 1 1
0 7 22 31 2.625 2 None 1 1
1 7 22 31 2.625 2 None 1 1
0 31 7 22 2.625 2 None 1 1
1 31 7 22 2.625 2 None 1 1
0 22 7 31 2.625 2 None 1 1
1 7 31 22 2.625 2 None 1 1
0 7 23 30 2.625 2 None 1 1
1 7 23 30 2.625 2 None 1 1
0 30 7 23 2.625 2 None 1 1
0 23 7 30 2.625 2 None 1 1
1 7 30 23 2.625 2 None 1 1
0 7 24 29 2.625 2 None 1 1
1 7 24 29 2.625 2 None 1 1
0 29 7 24 2.625 2 None 1 1
0 24 7 29 2.625 2 None 1 1
1 7 29 24 2.625 2 None 1 1
0 7 25 28 2.625 2 None 1 1
1 7 25 28 2.625 2 None 1 1
0 28 7 25 2.625 2 None 1 1
0 25 7 28 2.625 2 None 1 1
1 7 28 25 2.625 2 None 1 1
0 7 26 27 2.625 2 None 1 1
1 7 26 27 2.625 2 None 1 1
0 27 7 26 2.625 2 None 1 1
0 26 7 27 2.625 2 None 1 1
1 7 27 26 2.625 2 7 1 1
2 1 58 1 2.667 2 None 1 1
14 1 58 1 2.667 2 None 1 1
1 8 51 1 2.667 2 None 1 1
1 9 50 1 2.667 2 None 1 1
1 10 49 1 2.667 2 None 1 1
1 11 48 1 2.667 2 None 1 1
1 12 47 1 2.667 2 None 1 1
1 13 46 1 2.667 2 None 1 1
14 13 46 1 2.667 2 None 4 1
2 1 46 13 2.667 2 None 4 1
1 14 45 1 2.667 2 None 1 1
1 44 15 1 2.667 2 None 1 1
1 15 44 1 2.667 2 None 1 1
1 43 16 1 2.667 2 None 1 1
1 16 43 1 2.667 2 None 1 1
1 42 17 1 2.667 2 None 1 1
1 17 42 1 2.667 2 None 1 1
1 41 18 1 2.667 2 None 1 1
1 18 41 1 2.667 2 None 1 1
1 40 19 1 2.667 2 None 1 1
1 19 40 1 2.667 2 None 1 1
1 39 20 1 2.667 2 None 1 1
1 20 39 1 2.667 2 None 1 1
1 38 21 1 2.667 2 None 1 1
1 21 38 1 2.667 2 None 1 1
1 37 22 1 2.667 2 None 1 1
1 22 37 1 2.667 2 None 1 1
1 36 23 1 2.667 2 None 1 1
1 23 36 1 2.667 2 None 1 1
1 35 24 1 2.667 2 None 1 1
1 24 35 1 2.667 2 None 1 1
1 34 25 1 2.667 2 None 1 1
1 25 34 1 2.667 2 None 1 1
1 33 26 1 2.667 2 None 1 1
1 26 33 1 2.667 2 None 1 1
1 32 27 1 2.667 2 None 1 1
1 27 32 1 2.667 2 None 1 1
1 31 28 1 2.667 2 None 1 1
1 28 31 1 2.667 2 None 1 1
1 30 29 1 2.667 2 None 1 1
1 29 30 1 2.667 2 None 1 1
2 1 30 29 2.667 2 None 1 1
1 8 50 2 2.667 2 None 1 1
1 38 20 2 2.667 2 None 1 1
1 37 21 2 2.667 2 None 1 1
1 36 22 2 2.667 2 None 1 1
1 8 3 49 2.667 2 None 1 1
1 8 49 3 2.667 2 None 1 1
1 9 3 48 2.667 2 None 1 1
1 10 3 47 2.667 2 None 1 1
1 11 3 46 2.667 2 None 1 1
1 12 3 45 2.667 2 None 1 1
1 44 3 13 2.667 2 None 1 1
1 13 3 44 2.667 2 None 1 1
1 14 3 43 2.667 2 None 1 1
1 42 15 3 2.667 2 None 1 1
1 42 3 15 2.667 2 None 1 1
1 15 3 42 2.667 2 None 1 1
1 41 3 16 2.667 2 None 1 1
1 16 3 41 2.667 2 None 1 1
1 40 3 17 2.667 2 None 1 1
1 17 3 40 2.667 2 None 1 1
1 39 3 18 2.667 2 None 1 1
1 18 3 39 2.667 2 None 1 1
1 38 19 3 2.667 2 None 1 1
1 38 3 19 2.667 2 None 1 1
1 19 3 38 2.667 2 None 1 1
1 37 3 20 2.667 2 None 1 1
1 20 3 37 2.667 2 None 1 1
1 36 3 21 2.667 2 None 1 1
1 21 3 36 2.667 2 None 1 1
1 35 3 22 2.667 2 None 1 1
1 22 3 35 2.667 2 None 1 1
1 34 23 3 2.667 2 None 1 1
1 34 3 23 2.667 2 None 1 1
1 23 3 34 2.667 2 None 1 1
1 33 24 3 2.667 2 None 1 1
1 33 3 24 2.667 2 None 1 1
1 24 3 33 2.667 2 None 1 1
1 32 25 3 2.667 2 None 1 1
1 32 3 25 2.667 2 None 1 1
1 25 3 32 2.667 2 None 1 1
1 31 26 3 2.667 2 None 1 1
1 31 3 26 2.667 2 None 1 1
1 26 3 31 2.667 2 None 1 1
1 30 3 27 2.667 2 None 1 1
1 27 3 30 2.667 2 None 1 1
1 29 3 28 2.667 2 None 1 1
1 28 3 29 2.667 2 None 1 1
1 8 4 48 2.667 2 None 1 1
1 8 48 4 2.667 2 None 1 1
1 42 14 4 2.667 2 None 1 1
1 40 4 16 2.667 2 None 1 1
1 38 18 4 2.667 2 None 1 1
1 37 19 4 2.667 2 None 1 1
1 37 4 19 2.667 2 None 1 1
1 36 4 20 2.667 2 None 1 1
1 35 4 21 2.667 2 None 1 1
1 34 4 22 2.667 2 None 1 1
1 33 23 4 2.667 2 None 1 1
1 32 24 4 2.667 2 None 1 1
1 31 25 4 2.667 2 None 1 1
1 30 26 4 2.667 2 None 1 1
4 4 30 26 2.667 2 4 1 1
1 29 27 4 2.667 2 None 1 1
1 28 28 4 2.667 2 None 1 1
1 8 5 47 2.667 2 None 1 1
1 8 47 5 2.667 2 None 1 1
1 44 11 5 2.667 2 None 1 1
1 42 5 13 2.667 2 None 1 1
1 40 15 5 2.667 2 None 1 1
1 38 17 5 2.667 2 None 1 1
1 38 5 17 2.667 2 None 1 1
1 34 21 5 2.667 2 None 1 1
1 34 5 21 2.667 2 None 1 1
1 33 5 22 2.667 2 None 1 1
1 32 23 5 2.667 2 None 1 1
1 32 5 23 2.667 2 None 1 1
1 31 24 5 2.667 2 None 1 1
1 31 5 24 2.667 2 None 1 1
1 30 25 5 2.667 2 None 1 1
1 30 5 25 2.667 2 None 1 1
1 29 26 5 2.667 2 None 1 1
1 28 27 5 2.667 2 None 1 1
1 8 6 46 2.667 2 None 1 1
1 8 46 6 2.667 2 None 1 1
1 43 6 11 2.667 2 None 1 1
1 41 13 6 2.667 2 None 1 1
1 38 6 16 2.667 2 None 1 1
1 37 17 6 2.667 2 None 1 1
1 37 6 17 2.667 2 None 1 1
1 35 19 6 2.667 2 None 1 1
1 34 20 6 2.667 2 None 1 1
1 33 21 6 2.667 2 None 1 1
1 33 6 21 2.667 2 None 1 1
1 32 22 6 2.667 2 None 1 1
1 32 6 22 2.667 2 None 1 1
1 31 23 6 2.667 2 None 1 1
1 30 24 6 2.667 2 None 1 1
1 30 6 24 2.667 2 None 1 1
1 29 6 25 2.667 2 None 1 1
1 28 6 26 2.667 2 None 1 1
1 26 6 28 2.667 2 None 1 1
1 8 7 45 2.667 2 None 1 1
1 8 45 7 2.667 2 None 1 1
1 44 7 9 2.667 2 None 1 1
1 42 11 7 2.667 2 None 1 1
1 41 12 7 2.667 2 None 1 1
1 40 7 13 2.667 2 None 1 1
1 38 15 7 2.667 2 None 1 1
1 38 7 15 2.667 2 None 1 1
1 37 16 7 2.667 2 None 1 1
1 36 17 7 2.667 2 None 1 1
1 35 18 7 2.667 2 None 1 1
1 34 19 7 2.667 2 None 1 1
1 34 7 19 2.667 2 None 1 1
1 33 20 7 2.667 2 None 1 1
1 32 21 7 2.667 2 None 1 1
1 32 7 21 2.667 2 None 1 1
1 30 7 23 2.667 2 None 1 1
1 29 7 24 2.667 2 None 1 1
1 28 7 25 2.667 2 None 1 1
1 25 7 28 2.667 2 None 1 1
1 26 7 27 2.667 2 None 1 1
0 8 8 44 2.667 2 None 1 1
1 8 8 44 2.667 2 None 1 1
1 44 8 8 2.667 2 None 1 1
0 44 8 8 2.667 2 None 1 1
1 8 44 8 2.667 2 None 1 1
0 8 9 43 2.667 2 None 1 1
1 8 9 43 2.667 2 None 1 1
1 43 9 8 2.667 2 None 1 1
0 43 8 9 2.667 2 None 1 1
1 43 8 9 2.667 2 None 1 1
0 9 8 43 2.667 2 None 1 1
1 8 43 9 2.667 2 None 1 1
0 8 10 42 2.667 2 None 1 1
1 8 10 42 2.667 2 None 1 1
1 42 10 8 2.667 2 None 1 1
0 42 8 10 2.667 2 None 1 1
1 42 8 10 2.667 2 None 1 1
0 10 8 42 2.667 2 None 1 1
1 8 42 10 2.667 2 None 1 1
0 8 11 41 2.667 2 None 1 1
1 8 11 41 2.667 2 None 1 1
1 41 11 8 2.667 2 None 1 1
0 41 8 11 2.667 2 None 1 1
1 41 8 11 2.667 2 None 1 1
0 11 8 41 2.667 2 None 1 1
1 8 41 11 2.667 2 None 1 1
0 8 12 40 2.667 2 None 1 1
1 8 12 40 2.667 2 None 1 1
1 40 12 8 2.667 2 None 1 1
0 40 8 12 2.667 2 None 1 1
1 40 8 12 2.667 2 None 1 1
0 12 8 40 2.667 2 None 1 1
1 8 40 12 2.667 2 None 1 1
0 8 13 39 2.667 2 None 1 1
1 8 13 39 2.667 2 None 1 1
1 39 13 8 2.667 2 None 1 1
0 39 8 13 2.667 2 None 1 1
1 39 8 13 2.667 2 None 1 1
0 13 8 39 2.667 2 None 1 1
1 8 39 13 2.667 2 None 1 1
0 8 14 38 2.667 2 None 1 1
1 8 14 38 2.667 2 None 1 1
1 38 14 8 2.667 2 None 1 1
0 38 8 14 2.667 2 None 1 1
1 38 8 14 2.667 2 None 1 1
0 14 8 38 2.667 2 None 1 1
1 8 38 14 2.667 2 None 1 1
0 8 15 37 2.667 2 None 1 1
1 8 15 37 2.667 2 None 1 1
1 37 15 8 2.667 2 None 1 1
0 37 8 15 2.667 2 None 1 1
1 37 8 15 2.667 2 None 1 1
0 15 8 37 2.667 2 None 1 1
1 8 37 15 2.667 2 None 1 1
0 8 16 36 2.667 2 None 1 1
1 8 16 36 2.667 2 None 1 1
1 36 16 8 2.667 2 None 1 1
0 36 8 16 2.667 2 None 1 1
1 36 8 16 2.667 2 None 1 1
0 16 8 36 2.667 2 None 1 1
1 8 36 16 2.667 2 None 1 1
0 8 17 35 2.667 2 None 1 1
1 8 17 35 2.667 2 None 1 1
0 35 8 17 2.667 2 None 1 1
1 35 8 17 2.667 2 None 1 1
0 17 8 35 2.667 2 None 1 1
1 8 35 17 2.667 2 None 1 1
0 8 18 34 2.667 2 None 1 1
1 8 18 34 2.667 2 None 1 1
0 34 8 18 2.667 2 None 1 1
1 34 8 18 2.667 2 None 1 1
0 18 8 34 2.667 2 None 1 1
1 8 34 18 2.667 2 None 1 1
0 8 19 33 2.667 2 None 1 1
1 8 19 33 2.667 2 None 1 1
0 33 8 19 2.667 2 None 1 1
1 33 8 19 2.667 2 None 1 1
0 19 8 33 2.667 2 None 1 1
1 8 33 19 2.667 2 None 1 1
0 8 20 32 2.667 2 None 1 1
1 8 20 32 2.667 2 None 1 1
0 32 8 20 2.667 2 None 1 1
1 32 8 20 2.667 2 None 1 1
0 20 8 32 2.667 2 None 1 1
1 8 32 20 2.667 2 None 1 1
0 8 21 31 2.667 2 None 1 1
1 8 21 31 2.667 2 None 1 1
0 31 8 21 2.667 2 None 1 1
1 31 8 21 2.667 2 None 1 1
0 21 8 31 2.667 2 None 1 1
1 8 31 21 2.667 2 None 1 1
0 8 22 30 2.667 2 None 1 1
1 8 22 30 2.667 2 None 1 1
0 30 8 22 2.667 2 None 1 1
1 30 8 22 2.667 2 None 1 1
0 22 8 30 2.667 2 None 1 1
1 8 30 22 2.667 2 None 1 1
0 8 23 29 2.667 2 None 1 1
1 8 23 29 2.667 2 None 1 1
0 29 8 23 2.667 2 None 1 1
0 23 8 29 2.667 2 None 1 1
1 8 29 23 2.667 2 None 1 1
0 8 24 28 2.667 2 None 1 1
1 8 24 28 2.667 2 None 1 1
0 28 8 24 2.667 2 None 1 1
0 24 8 28 2.667 2 None 1 1
1 8 28 24 2.667 2 None 1 1
0 8 25 27 2.667 2 None 1 1
1 8 25 27 2.667 2 None 1 1
0 27 8 25 2.667 2 None 1 1
1 27 8 25 2.667 2 None 1 1
0 25 8 27 2.667 2 None 1 1
1 8 27 25 2.667 2 None 1 1
0 8 26 26 2.667 2 8 1 1
1 8 26 26 2.667 2 None 1 1
0 26 8 26 2.667 2 None 1 1
1 26 8 26 2.667 2 None 1 1
0 9 9 42 2.667 2 None 1 1
1 42 9 9 2.667 2 None 1 1
0 42 9 9 2.667 2 None 1 1
0 9 10 41 2.667 2 None 1 1
1 41 10 9 2.667 2 None 1 1
0 41 9 10 2.667 2 None 1 1
1 41 9 10 2.667 2 None 1 1
0 10 9 41 2.667 2 None 1 1
0 9 11 40 2.667 2 None 1 1
1 40 11 9 2.667 2 None 1 1
0 40 9 11 2.667 2 None 1 1
1 40 9 11 2.667 2 None 1 1
0 11 9 40 2.667 2 None 1 1
0 9 12 39 2.667 2 None 1 1
1 39 12 9 2.667 2 None 1 1
0 39 9 12 2.667 2 None 1 1
1 39 9 12 2.667 2 None 1 1
0 12 9 39 2.667 2 None 1 1
0 9 13 38 2.667 2 None 1 1
1 38 13 9 2.667 2 None 1 1
0 38 9 13 2.667 2 None 1 1
1 38 9 13 2.667 2 None 1 1
0 13 9 38 2.667 2 None 1 1
0 9 14 37 2.667 2 None 1 1
1 37 14 9 2.667 2 None 1 1
0 37 9 14 2.667 2 None 1 1
1 37 9 14 2.667 2 None 1 1
0 14 9 37 2.667 2 None 1 1
0 9 15 36 2.667 2 None 1 1
1 36 15 9 2.667 2 None 1 1
0 36 9 15 2.667 2 None 1 1
1 36 9 15 2.667 2 None 1 1
0 15 9 36 2.667 2 None 1 1
0 9 16 35 2.667 2 None 1 1
1 35 16 9 2.667 2 None 1 1
0 35 9 16 2.667 2 None 1 1
0 16 9 35 2.667 2 None 1 1
0 9 17 34 2.667 2 None 1 1
1 34 17 9 2.667 2 None 1 1
0 34 9 17 2.667 2 None 1 1
0 17 9 34 2.667 2 None 1 1
0 9 18 33 2.667 2 None 1 1
0 33 9 18 2.667 2 None 1 1
0 18 9 33 2.667 2 None 1 1
0 9 19 32 2.667 2 None 1 1
0 32 9 19 2.667 2 None 1 1
0 19 9 32 2.667 2 None 1 1
0 9 20 31 2.667 2 None 1 1
0 31 9 20 2.667 2 None 1 1
0 20 9 31 2.667 2 None 1 1
0 9 21 30 2.667 2 None 1 1
0 30 9 21 2.667 2 None 1 1
0 21 9 30 2.667 2 None 1 1
0 9 22 29 2.667 2 None 1 1
0 29 9 22 2.667 2 None 1 1
0 22 9 29 2.667 2 None 1 1
0 9 23 28 2.667 2 None 1 1
0 28 9 23 2.667 2 None 1 1
0 23 9 28 2.667 2 None 1 1
0 9 24 27 2.667 2 None 1 1
0 27 9 24 2.667 2 None 1 1
0 24 9 27 2.667 2 None 1 1
1 9 27 24 2.667 2 None 1 1
0 9 25 26 2.667 2 None 1 1
0 26 9 25 2.667 2 None 1 1
0 25 9 26 2.667 2 None 1 1
1 9 26 25 2.667 2 9 1 1
0 10 10 40 2.667 2 None 1 1
1 40 10 10 2.667 2 None 1 1
0 40 10 10 2.667 2 None 1 1
0 10 11 39 2.667 2 None 1 1
1 39 11 10 2.667 2 None 1 1
0 39 10 11 2.667 2 None 1 1
1 39 10 11 2.667 2 None 1 1
0 11 10 39 2.667 2 None 1 1
0 10 12 38 2.667 2 None 1 1
1 38 12 10 2.667 2 None 1 1
0 38 10 12 2.667 2 None 1 1
1 38 10 12 2.667 2 None 1 1
0 12 10 38 2.667 2 None 1 1
0 10 13 37 2.667 2 None 1 1
1 37 13 10 2.667 2 None 1 1
0 37 10 13 2.667 2 None 1 1
1 37 10 13 2.667 2 None 1 1
0 13 10 37 2.667 2 None 1 1
0 10 14 36 2.667 2 None 1 1
1 36 14 10 2.667 2 None 1 1
0 36 10 14 2.667 2 None 1 1
1 36 10 14 2.667 2 None 1 1
0 14 10 36 2.667 2 None 1 1
0 10 15 35 2.667 2 None 1 1
1 35 15 10 2.667 2 None 1 1
0 35 10 15 2.667 2 None 1 1
1 35 10 15 2.667 2 None 1 1
0 15 10 35 2.667 2 None 1 1
0 10 16 34 2.667 2 None 1 1
1 34 16 10 2.667 2 None 1 1
0 34 10 16 2.667 2 None 1 1
1 34 10 16 2.667 2 None 1 1
0 16 10 34 2.667 2 None 1 1
0 10 17 33 2.667 2 None 1 1
1 33 17 10 2.667 2 None 1 1
0 33 10 17 2.667 2 None 1 1
0 17 10 33 2.667 2 None 1 1
0 10 18 32 2.667 2 None 1 1
1 32 18 10 2.667 2 None 1 1
0 32 10 18 2.667 2 None 1 1
0 18 10 32 2.667 2 None 1 1
0 10 19 31 2.667 2 None 1 1
0 31 10 19 2.667 2 None 1 1
0 19 10 31 2.667 2 None 1 1
0 10 20 30 2.667 2 None 1 1
0 30 10 20 2.667 2 None 1 1
0 20 10 30 2.667 2 None 1 1
0 10 21 29 2.667 2 None 1 1
0 29 10 21 2.667 2 None 1 1
0 21 10 29 2.667 2 None 1 1
0 10 22 28 2.667 2 None 1 1
0 28 10 22 2.667 2 None 1 1
0 22 10 28 2.667 2 None 1 1
0 10 23 27 2.667 2 None 1 1
0 27 10 23 2.667 2 None 1 1
0 23 10 27 2.667 2 None 1 1
1 10 27 23 2.667 2 None 1 1
0 10 24 26 2.667 2 None 1 1
0 26 10 24 2.667 2 None 1 1
0 24 10 26 2.667 2 None 1 1
1 10 26 24 2.667 2 None 1 1
0 10 25 25 2.667 2 10 1 1
1 10 25 25 2.667 2 None 1 1
0 25 10 25 2.667 2 None 1 1
0 11 11 38 2.667 2 None 1 1
1 38 11 11 2.667 2 None 1 1
0 38 11 11 2.667 2 None 1 1
0 11 12 37 2.667 2 None 1 1
1 37 12 11 2.667 2 None 1 1
0 37 11 12 2.667 2 None 1 1
1 37 11 12 2.667 2 None 1 1
0 12 11 37 2.667 2 None 1 1
0 11 13 36 2.667 2 None 1 1
1 36 13 11 2.667 2 None 1 1
0 36 11 13 2.667 2 None 1 1
1 36 11 13 2.667 2 None 1 1
0 13 11 36 2.667 2 None 1 1
0 11 14 35 2.667 2 None 1 1
1 35 14 11 2.667 2 None 1 1
0 35 11 14 2.667 2 None 1 1
1 35 11 14 2.667 2 None 1 1
0 14 11 35 2.667 2 None 1 1
0 11 15 34 2.667 2 None 1 1
1 34 15 11 2.667 2 None 1 1
0 34 11 15 2.667 2 None 1 1
1 34 11 15 2.667 2 None 1 1
0 15 11 34 2.667 2 None 1 1
0 11 16 33 2.667 2 None 1 1
0 33 11 16 2.667 2 None 1 1
1 33 11 16 2.667 2 None 1 1
0 16 11 33 2.667 2 None 1 1
0 11 17 32 2.667 2 None 1 1
1 32 17 11 2.667 2 None 1 1
0 32 11 17 2.667 2 None 1 1
1 32 11 17 2.667 2 None 1 1
0 17 11 32 2.667 2 None 1 1
0 11 18 31 2.667 2 None 1 1
1 31 18 11 2.667 2 None 1 1
0 31 11 18 2.667 2 None 1 1
0 18 11 31 2.667 2 None 1 1
0 11 19 30 2.667 2 None 1 1
1 30 19 11 2.667 2 None 1 1
0 30 11 19 2.667 2 None 1 1
0 19 11 30 2.667 2 None 1 1
0 11 20 29 2.667 2 None 1 1
0 29 11 20 2.667 2 None 1 1
0 20 11 29 2.667 2 None 1 1
0 11 21 28 2.667 2 None 1 1
0 28 11 21 2.667 2 None 1 1
0 21 11 28 2.667 2 None 1 1
0 11 22 27 2.667 2 None 1 1
0 27 11 22 2.667 2 None 1 1
0 22 11 27 2.667 2 None 1 1
0 11 23 26 2.667 2 None 1 1
0 26 11 23 2.667 2 None 1 1
0 23 11 26 2.667 2 None 1 1
1 11 26 23 2.667 2 None 1 1
0 11 24 25 2.667 2 None 1 1
0 25 11 24 2.667 2 None 1 1
0 24 11 25 2.667 2 None 1 1
1 11 25 24 2.667 2 11 1 1
0 12 12 36 2.667 2 None 1 1
1 36 12 12 2.667 2 None 1 1
0 36 12 12 2.667 2 None 1 1
0 12 13 35 2.667 2 None 1 1
1 35 13 12 2.667 2 None 1 1
0 35 12 13 2.667 2 None 1 1
0 13 12 35 2.667 2 None 1 1
0 12 14 34 2.667 2 None 1 1
1 34 14 12 2.667 2 None 1 1
0 34 12 14 2.667 2 None 1 1
1 34 12 14 2.667 2 None 1 1
0 14 12 34 2.667 2 None 1 1
0 12 15 33 2.667 2 None 1 1
1 33 15 12 2.667 2 None 1 1
0 33 12 15 2.667 2 None 1 1
1 33 12 15 2.667 2 None 1 1
0 15 12 33 2.667 2 None 1 1
0 12 16 32 2.667 2 None 1 1
1 32 16 12 2.667 2 None 1 1
0 32 12 16 2.667 2 None 1 1
1 32 12 16 2.667 2 None 1 1
0 16 12 32 2.667 2 None 1 1
0 12 17 31 2.667 2 None 1 1
0 31 12 17 2.667 2 None 1 1
0 17 12 31 2.667 2 None 1 1
0 12 18 30 2.667 2 None 1 1
1 30 18 12 2.667 2 None 1 1
0 30 12 18 2.667 2 None 1 1
1 30 12 18 2.667 2 None 1 1
0 18 12 30 2.667 2 None 1 1
0 12 19 29 2.667 2 None 1 1
0 29 12 19 2.667 2 None 1 1
0 19 12 29 2.667 2 None 1 1
0 12 20 28 2.667 2 None 1 1
1 28 20 12 2.667 2 None 1 1
0 28 12 20 2.667 2 None 1 1
0 20 12 28 2.667 2 None 1 1
0 12 21 27 2.667 2 None 1 1
0 27 12 21 2.667 2 None 1 1
0 21 12 27 2.667 2 None 1 1
0 12 22 26 2.667 2 None 1 1
0 26 12 22 2.667 2 None 1 1
0 22 12 26 2.667 2 None 1 1
1 12 26 22 2.667 2 None 1 1
0 12 23 25 2.667 2 None 1 1
0 25 12 23 2.667 2 None 1 1
0 23 12 25 2.667 2 None 1 1
1 12 25 23 2.667 2 None 1 1
0 12 24 24 2.667 2 12 1 1
1 12 24 24 2.667 2 None 1 1
0 24 12 24 2.667 2 None 1 1
0 13 13 34 2.667 2 None 1 1
1 34 13 13 2.667 2 None 1 1
0 34 13 13 2.667 2 None 1 1
0 13 14 33 2.667 2 None 1 1
1 33 14 13 2.667 2 None 1 1
0 33 13 14 2.667 2 None 1 1
0 14 13 33 2.667 2 None 1 1
0 13 15 32 2.667 2 None 1 1
1 32 15 13 2.667 2 None 1 1
0 32 13 15 2.667 2 None 1 1
1 32 13 15 2.667 2 None 1 1
0 15 13 32 2.667 2 None 1 1
0 13 16 31 2.667 2 None 1 1
1 31 16 13 2.667 2 None 1 1
0 31 13 16 2.667 2 None 1 1
1 31 13 16 2.667 2 None 1 1
0 16 13 31 2.667 2 None 1 1
0 13 17 30 2.667 2 None 1 1
1 30 17 13 2.667 2 None 1 1
0 30 13 17 2.667 2 None 1 1
1 30 13 17 2.667 2 None 1 1
0 17 13 30 2.667 2 None 1 1
0 13 18 29 2.667 2 None 1 1
0 29 13 18 2.667 2 None 1 1
1 29 13 18 2.667 2 None 1 1
0 18 13 29 2.667 2 None 1 1
0 13 19 28 2.667 2 None 1 1
1 28 19 13 2.667 2 None 1 1
0 28 13 19 2.667 2 None 1 1
0 19 13 28 2.667 2 None 1 1
0 13 20 27 2.667 2 None 1 1
1 27 20 13 2.667 2 None 1 1
0 27 13 20 2.667 2 None 1 1
0 20 13 27 2.667 2 None 1 1
0 13 21 26 2.667 2 None 1 1
1 26 21 13 2.667 2 None 1 1
0 26 13 21 2.667 2 None 1 1
0 21 13 26 2.667 2 None 1 1
0 13 22 25 2.667 2 None 1 1
0 25 13 22 2.667 2 None 1 1
0 22 13 25 2.667 2 None 1 1
1 13 25 22 2.667 2 None 1 1
0 13 23 24 2.667 2 None 1 1
0 24 13 23 2.667 2 None 1 1
0 23 13 24 2.667 2 None 1 1
1 13 24 23 2.667 2 13 1 1
0 14 14 32 2.667 2 None 1 1
1 32 14 14 2.667 2 None 1 1
0 32 14 14 2.667 2 None 1 1
0 14 15 31 2.667 2 None 1 1
1 31 15 14 2.667 2 None 1 1
0 31 14 15 2.667 2 None 1 1
0 15 14 31 2.667 2 None 1 1
0 14 16 30 2.667 2 None 1 1
1 30 16 14 2.667 2 None 1 1
0 30 14 16 2.667 2 None 1 1
1 30 14 16 2.667 2 None 1 1
0 16 14 30 2.667 2 None 1 1
0 14 17 29 2.667 2 None 1 1
1 29 17 14 2.667 2 None 1 1
0 29 14 17 2.667 2 None 1 1
1 29 14 17 2.667 2 None 1 1
0 17 14 29 2.667 2 None 1 1
0 14 18 28 2.667 2 None 1 1
1 28 18 14 2.667 2 None 1 1
0 28 14 18 2.667 2 None 1 1
1 28 14 18 2.667 2 None 1 1
0 18 14 28 2.667 2 None 1 1
0 14 19 27 2.667 2 None 1 1
0 27 14 19 2.667 2 None 1 1
0 19 14 27 2.667 2 None 1 1
0 14 20 26 2.667 2 None 1 1
0 26 14 20 2.667 2 None 1 1
0 20 14 26 2.667 2 None 1 1
0 14 21 25 2.667 2 None 1 1
0 25 14 21 2.667 2 None 1 1
0 21 14 25 2.667 2 None 1 1
1 14 25 21 2.667 2 None 1 1
0 14 22 24 2.667 2 None 1 1
0 24 14 22 2.667 2 None 1 1
0 22 14 24 2.667 2 None 1 1
1 14 24 22 2.667 2 None 1 1
0 14 23 23 2.667 2 14 1 1
1 14 23 23 2.667 2 None 1 1
0 23 14 23 2.667 2 None 1 1
0 15 15 30 2.667 2 None 1 1
1 30 15 15 2.667 2 None 1 1
0 30 15 15 2.667 2 None 1 1
0 15 16 29 2.667 2 None 1 1
1 29 16 15 2.667 2 None 1 1
0 29 15 16 2.667 2 None 1 1
0 16 15 29 2.667 2 None 1 1
0 15 17 28 2.667 2 None 1 1
1 28 17 15 2.667 2 None 1 1
0 28 15 17 2.667 2 None 1 1
0 17 15 28 2.667 2 None 1 1
0 15 18 27 2.667 2 None 1 1
1 27 18 15 2.667 2 None 1 1
0 27 15 18 2.667 2 None 1 1
0 18 15 27 2.667 2 None 1 1
0 15 19 26 2.667 2 None 1 1
1 26 19 15 2.667 2 None 1 1
0 26 15 19 2.667 2 None 1 1
1 26 15 19 2.667 2 None 1 1
0 19 15 26 2.667 2 None 1 1
0 15 20 25 2.667 2 None 1 1
0 25 15 20 2.667 2 None 1 1
0 20 15 25 2.667 2 None 1 1
0 15 21 24 2.667 2 None 1 1
0 24 15 21 2.667 2 None 1 1
0 21 15 24 2.667 2 None 1 1
1 15 24 21 2.667 2 None 1 1
0 15 22 23 2.667 2 None 1 1
0 23 15 22 2.667 2 None 1 1
0 22 15 23 2.667 2 None 1 1
1 15 23 22 2.667 2 15 1 1
0 16 16 28 2.667 2 None 1 1
1 28 16 16 2.667 2 None 1 1
0 28 16 16 2.667 2 None 1 1
0 16 17 27 2.667 2 None 1 1
1 27 17 16 2.667 2 None 1 1
0 27 16 17 2.667 2 None 1 1
0 17 16 27 2.667 2 None 1 1
0 16 18 26 2.667 2 None 1 1
1 26 18 16 2.667 2 None 1 1
0 26 16 18 2.667 2 None 1 1
0 18 16 26 2.667 2 None 1 1
0 16 19 25 2.667 2 None 1 1
1 25 19 16 2.667 2 None 1 1
0 25 16 19 2.667 2 None 1 1
0 19 16 25 2.667 2 None 1 1
0 16 20 24 2.667 2 None 1 1
1 24 20 16 2.667 2 None 1 1
0 24 16 20 2.667 2 None 1 1
0 20 16 24 2.667 2 None 1 1
1 16 24 20 2.667 2 None 1 1
0 16 21 23 2.667 2 None 1 1
0 23 16 21 2.667 2 None 1 1
0 21 16 23 2.667 2 None 1 1
1 16 23 21 2.667 2 None 1 1
0 16 22 22 2.667 2 16 1 1
1 16 22 22 2.667 2 None 1 1
0 22 16 22 2.667 2 None 1 1
0 17 17 26 2.667 2 None 1 1
1 26 17 17 2.667 2 None 1 1
0 26 17 17 2.667 2 None 1 1
0 17 18 25 2.667 2 None 1 1
1 25 18 17 2.667 2 None 1 1
0 25 17 18 2.667 2 None 1 1
0 18 17 25 2.667 2 None 1 1
0 17 19 24 2.667 2 None 1 1
1 24 19 17 2.667 2 None 1 1
0 24 17 19 2.667 2 None 1 1
0 19 17 24 2.667 2 None 1 1
0 17 20 23 2.667 2 None 1 1
1 23 20 17 2.667 2 None 1 1
0 23 17 20 2.667 2 None 1 1
0 20 17 23 2.667 2 None 1 1
1 17 23 20 2.667 2 None 1 1
0 17 21 22 2.667 2 None 1 1
1 22 21 17 2.667 2 None 1 1
0 22 17 21 2.667 2 None 1 1
0 21 17 22 2.667 2 None 1 1
1 17 22 21 2.667 2 17 1 1
0 18 18 24 2.667 2 None 1 1
1 24 18 18 2.667 2 None 1 1
0 24 18 18 2.667 2 None 1 1
0 18 19 23 2.667 2 None 1 1
1 23 19 18 2.667 2 None 1 1
0 23 18 19 2.667 2 None 1 1
0 19 18 23 2.667 2 None 1 1
1 18 23 19 2.667 2 None 1 1
0 18 20 22 2.667 2 None 1 1
1 22 20 18 2.667 2 None 1 1
0 22 18 20 2.667 2 None 1 1
0 20 18 22 2.667 2 None 1 1
1 20 22 18 2.667 2 None 1 1
1 18 22 20 2.667 2 None 1 1
0 18 21 21 2.667 2 18 1 1
1 18 21 21 2.667 2 None 1 1
1 21 21 18 2.667 2 None 1 1
0 21 18 21 2.667 2 None 1 1
0 19 19 22 2.667 2 None 1 1
1 22 19 19 2.667 2 None 1 1
0 22 19 19 2.667 2 None 1 1
1 19 22 19 2.667 2 None 1 1
0 19 20 21 2.667 2 None 1 1
1 21 20 19 2.667 2 None 1 1
0 21 19 20 2.667 2 None 1 1
0 20 19 21 2.667 2 None 1 1
1 20 21 19 2.667 2 None 1 1
1 19 21 20 2.667 2 19 1 1
0 20 20 20 2.667 2 20 1 1
1 20 20 20 2.667 2 None 1 1
18 1 58 1 2.700 2 None 1 1
20 1 58 1 2.700 2 None 1 1
2 3 56 1 2.700 2 None 2 1
2 1 5 54 2.700 2 None 2 1
1 9 49 2 2.700 2 None 1 1
1 10 48 2 2.700 2 None 1 1
1 11 47 2 2.700 2 None 1 1
1 12 46 2 2.700 2 None 1 1
1 13 45 2 2.700 2 None 1 1
1 14 44 2 2.700 2 None 1 1
1 15 43 2 2.700 2 None 1 1
1 16 42 2 2.700 2 None 1 1
1 17 41 2 2.700 2 None 1 1
1 18 40 2 2.700 2 None 1 1
1 19 39 2 2.700 2 None 1 1
1 20 38 2 2.700 2 None 1 1
1 21 37 2 2.700 2 None 1 1
1 22 36 2 2.700 2 None 1 1
1 35 23 2 2.700 2 None 1 1
1 23 35 2 2.700 2 None 1 1
1 34 24 2 2.700 2 None 1 1
1 24 34 2 2.700 2 None 1 1
1 33 25 2 2.700 2 None 1 1
1 25 33 2 2.700 2 None 1 1
1 32 26 2 2.700 2 None 1 1
1 26 32 2 2.700 2 None 1 1
1 31 27 2 2.700 2 None 1 1
1 27 31 2 2.700 2 None 1 1
1 30 28 2 2.700 2 None 1 1
1 28 30 2 2.700 2 None 1 1
1 29 29 2 2.700 2 None 1 1
1 9 48 3 2.700 2 None 1 1
1 30 27 3 2.700 2 None 1 1
1 27 30 3 2.700 2 None 1 1
1 29 28 3 2.700 2 None 1 1
1 28 29 3 2.700 2 None 1 1
1 9 4 47 2.700 2 None 1 1
1 9 47 4 2.700 2 None 1 1
1 10 4 46 2.700 2 None 1 1
1 11 4 45 2.700 2 None 1 1
1 12 4 44 2.700 2 None 1 1
1 13 4 43 2.700 2 None 1 1
1 14 4 42 2.700 2 None 1 1
1 15 4 41 2.700 2 None 1 1
1 16 4 40 2.700 2 None 1 1
1 17 4 39 2.700 2 None 1 1
1 18 4 38 2.700 2 None 1 1
1 19 4 37 2.700 2 None 1 1
1 20 4 36 2.700 2 None 1 1
1 21 4 35 2.700 2 None 1 1
1 22 4 34 2.700 2 None 1 1
1 33 4 23 2.700 2 None 1 1
1 23 4 33 2.700 2 None 1 1
1 23 33 4 2.700 2 None 1 1
1 32 4 24 2.700 2 None 1 1
1 24 4 32 2.700 2 None 1 1
1 24 32 4 2.700 2 None 1 1
1 31 4 25 2.700 2 None 1 1
1 25 4 31 2.700 2 None 1 1
1 25 31 4 2.700 2 None 1 1
1 30 4 26 2.700 2 None 1 1
1 26 4 30 2.700 2 None 1 1
1 26 30 4 2.700 2 None 1 1
1 29 4 27 2.700 2 None 1 1
1 27 4 29 2.700 2 None 1 1
1 27 29 4 2.700 2 None 1 1
1 28 4 28 2.700 2 None 1 1
1 9 5 46 2.700 2 None 1 1
1 9 46 5 2.700 2 None 1 1
1 21 34 5 2.700 2 None 1 1
1 33 22 5 2.700 2 None 1 1
1 22 33 5 2.700 2 None 1 1
1 23 32 5 2.700 2 None 1 1
1 24 31 5 2.700 2 None 1 1
1 25 5 30 2.700 2 None 1 1
1 25 30 5 2.700 2 None 1 1
1 29 5 26 2.700 2 None 1 1
1 26 5 29 2.700 2 None 1 1
1 26 29 5 2.700 2 None 1 1
1 28 5 27 2.700 2 None 1 1
1 27 5 28 2.700 2 None 1 1
1 27 28 5 2.700 2 None 1 1
1 9 6 45 2.700 2 None 1 1
1 9 45 6 2.700 2 None 1 1
1 21 6 33 2.700 2 None 1 1
1 21 33 6 2.700 2 None 1 1
1 22 6 32 2.700 2 None 1 1
1 22 32 6 2.700 2 None 1 1
1 23 6 31 2.700 2 None 1 1
1 23 31 6 2.700 2 None 1 1
1 24 6 30 2.700 2 None 1 1
1 24 30 6 2.700 2 None 1 1
1 29 25 6 2.700 2 None 1 1
1 25 6 29 2.700 2 None 1 1
1 25 29 6 2.700 2 None 1 1
1 28 26 6 2.700 2 None 1 1
1 26 28 6 2.700 2 None 1 1
1 27 27 6 2.700 2 None 1 1
1 27 6 27 2.700 2 None 1 1
1 9 7 44 2.700 2 None 1 1
1 9 44 7 2.700 2 None 1 1
1 19 7 34 2.700 2 None 1 1
1 33 7 20 2.700 2 None 1 1
1 20 7 33 2.700 2 None 1 1
1 21 7 32 2.700 2 None 1 1
1 31 22 7 2.700 2 None 1 1
1 22 7 31 2.700 2 None 1 1
1 30 23 7 2.700 2 None 1 1
1 23 7 30 2.700 2 None 1 1
1 23 30 7 2.700 2 None 1 1
1 29 24 7 2.700 2 None 1 1
1 24 7 29 2.700 2 None 1 1
1 28 25 7 2.700 2 None 1 1
1 25 28 7 2.700 2 None 1 1
1 27 26 7 2.700 2 None 1 1
1 27 7 26 2.700 2 None 1 1
1 26 27 7 2.700 2 None 1 1
1 9 8 43 2.700 2 None 1 1
1 9 43 8 2.700 2 None 1 1
1 35 17 8 2.700 2 None 1 1
1 34 18 8 2.700 2 None 1 1
1 33 19 8 2.700 2 None 1 1
1 19 8 33 2.700 2 None 1 1
1 32 20 8 2.700 2 None 1 1
1 20 8 32 2.700 2 None 1 1
1 31 21 8 2.700 2 None 1 1
1 21 8 31 2.700 2 None 1 1
1 30 22 8 2.700 2 None 1 1
1 22 8 30 2.700 2 None 1 1
1 29 23 8 2.700 2 None 1 1
1 29 8 23 2.700 2 None 1 1
1 23 8 29 2.700 2 None 1 1
1 28 24 8 2.700 2 None 1 1
1 28 8 24 2.700 2 None 1 1
1 24 8 28 2.700 2 None 1 1
1 27 25 8 2.700 2 None 1 1
1 25 8 27 2.700 2 None 1 1
1 9 9 42 2.700 2 None 1 1
1 9 42 9 2.700 2 None 1 1
1 9 10 41 2.700 2 None 1 1
1 9 41 10 2.700 2 None 1 1
1 9 11 40 2.700 2 None 1 1
1 9 40 11 2.700 2 None 1 1
1 9 12 39 2.700 2 None 1 1
1 9 39 12 2.700 2 None 1 1
1 9 13 38 2.700 2 None 1 1
1 9 38 13 2.700 2 None 1 1
1 9 14 37 2.700 2 None 1 1
1 9 37 14 2.700 2 None 1 1
1 9 15 36 2.700 2 None 1 1
1 9 36 15 2.700 2 None 1 1
1 9 16 35 2.700 2 None 1 1
1 35 9 16 2.700 2 None 1 1
1 9 35 16 2.700 2 None 1 1
1 9 17 34 2.700 2 None 1 1
1 34 9 17 2.700 2 None 1 1
1 9 34 17 2.700 2 None 1 1
1 9 18 33 2.700 2 None 1 1
1 33 18 9 2.700 2 None 1 1
1 33 9 18 2.700 2 None 1 1
1 9 33 18 2.700 2 None 1 1
1 9 19 32 2.700 2 None 1 1
1 32 19 9 2.700 2 None 1 1
1 32 9 19 2.700 2 None 1 1
1 9 32 19 2.700 2 None 1 1
1 9 20 31 2.700 2 None 1 1
1 31 20 9 2.700 2 None 1 1
1 31 9 20 2.700 2 None 1 1
1 9 31 20 2.700 2 None 1 1
1 9 21 30 2.700 2 None 1 1
1 30 21 9 2.700 2 None 1 1
1 30 9 21 2.700 2 None 1 1
1 21 9 30 2.700 2 None 1 1
1 9 30 21 2.700 2 None 1 1
1 9 22 29 2.700 2 None 1 1
1 29 22 9 2.700 2 None 1 1
1 29 9 22 2.700 2 None 1 1
1 22 9 29 2.700 2 None 1 1
1 9 29 22 2.700 2 None 1 1
1 9 23 28 2.700 2 None 1 1
1 28 23 9 2.700 2 None 1 1
1 28 9 23 2.700 2 None 1 1
1 23 9 28 2.700 2 None 1 1
1 9 28 23 2.700 2 None 1 1
1 9 24 27 2.700 2 None 1 1
1 27 24 9 2.700 2 None 1 1
1 27 9 24 2.700 2 None 1 1
1 24 27 9 2.700 2 None 1 1
1 9 25 26 2.700 2 None 1 1
1 26 25 9 2.700 2 None 1 1
1 26 9 25 2.700 2 None 1 1
1 25 9 26 2.700 2 None 1 1
1 25 26 9 2.700 2 None 1 1
1 10 35 15 2.700 2 None 1 1
1 10 34 16 2.700 2 None 1 1
1 10 17 33 2.700 2 None 1 1
1 33 10 17 2.700 2 None 1 1
1 10 18 32 2.700 2 None 1 1
1 32 10 18 2.700 2 None 1 1
1 31 19 10 2.700 2 None 1 1
1 31 10 19 2.700 2 None 1 1
1 30 20 10 2.700 2 None 1 1
1 30 10 20 2.700 2 None 1 1
1 29 21 10 2.700 2 None 1 1
1 29 10 21 2.700 2 None 1 1
1 21 29 10 2.700 2 None 1 1
1 28 22 10 2.700 2 None 1 1
1 28 10 22 2.700 2 None 1 1
1 22 28 10 2.700 2 None 1 1
1 27 23 10 2.700 2 None 1 1
1 27 10 23 2.700 2 None 1 1
1 23 27 10 2.700 2 None 1 1
1 26 24 10 2.700 2 None 1 1
1 26 10 24 2.700 2 None 1 1
1 24 26 10 2.700 2 None 1 1
1 25 25 10 2.700 2 None 1 1
1 25 10 25 2.700 2 None 1 1
1 11 34 15 2.700 2 None 1 1
1 33 16 11 2.700 2 None 1 1
1 11 33 16 2.700 2 None 1 1
1 11 17 32 2.700 2 None 1 1
1 11 18 31 2.700 2 None 1 1
1 31 11 18 2.700 2 None 1 1
1 30 11 19 2.700 2 None 1 1
1 19 30 11 2.700 2 None 1 1
1 29 20 11 2.700 2 None 1 1
1 29 11 20 2.700 2 None 1 1
1 28 21 11 2.700 2 None 1 1
1 28 11 21 2.700 2 None 1 1
1 21 28 11 2.700 2 None 1 1
1 27 22 11 2.700 2 None 1 1
1 27 11 22 2.700 2 None 1 1
1 22 11 27 2.700 2 None 1 1
1 22 27 11 2.700 2 None 1 1
1 11 27 22 2.700 2 None 1 1
1 26 23 11 2.700 2 None 1 1
1 26 11 23 2.700 2 None 1 1
1 23 11 26 2.700 2 None 1 1
1 23 26 11 2.700 2 None 1 1
1 11 24 25 2.700 2 None 1 1
1 25 24 11 2.700 2 None 1 1
1 25 11 24 2.700 2 None 1 1
1 24 11 25 2.700 2 None 1 1
1 24 25 11 2.700 2 None 1 1
1 35 12 13 2.700 2 None 1 1
1 12 34 14 2.700 2 None 1 1
1 12 33 15 2.700 2 None 1 1
1 12 16 32 2.700 2 None 1 1
1 16 32 12 2.700 2 None 1 1
1 12 32 16 2.700 2 None 1 1
1 12 17 31 2.700 2 None 1 1
1 31 17 12 2.700 2 None 1 1
1 31 12 17 2.700 2 None 1 1
1 12 18 30 2.700 2 None 1 1
1 18 30 12 2.700 2 None 1 1
1 29 19 12 2.700 2 None 1 1
1 29 12 19 2.700 2 None 1 1
1 19 12 29 2.700 2 None 1 1
1 19 29 12 2.700 2 None 1 1
1 28 12 20 2.700 2 None 1 1
1 20 12 28 2.700 2 None 1 1
1 20 28 12 2.700 2 None 1 1
1 27 21 12 2.700 2 None 1 1
1 27 12 21 2.700 2 None 1 1
1 21 12 27 2.700 2 None 1 1
1 21 27 12 2.700 2 None 1 1
1 26 22 12 2.700 2 None 1 1
1 26 12 22 2.700 2 None 1 1
1 22 12 26 2.700 2 None 1 1
1 22 26 12 2.700 2 None 1 1
1 25 23 12 2.700 2 None 1 1
1 25 12 23 2.700 2 None 1 1
1 23 25 12 2.700 2 None 1 1
1 24 24 12 2.700 2 None 1 1
1 24 12 24 2.700 2 None 1 1
1 13 14 33 2.700 2 None 1 1
1 33 13 14 2.700 2 None 1 1
1 13 33 14 2.700 2 None 1 1
1 15 32 13 2.700 2 None 1 1
1 13 32 15 2.700 2 None 1 1
1 13 16 31 2.700 2 None 1 1
1 16 31 13 2.700 2 None 1 1
1 13 17 30 2.700 2 None 1 1
1 17 13 30 2.700 2 None 1 1
1 17 30 13 2.700 2 None 1 1
1 13 30 17 2.700 2 None 1 1
1 29 18 13 2.700 2 None 1 1
1 18 29 13 2.700 2 None 1 1
1 28 13 19 2.700 2 None 1 1
1 19 13 28 2.700 2 None 1 1
1 19 28 13 2.700 2 None 1 1
1 27 13 20 2.700 2 None 1 1
1 20 27 13 2.700 2 None 1 1
1 26 13 21 2.700 2 None 1 1
1 21 13 26 2.700 2 None 1 1
1 21 26 13 2.700 2 None 1 1
1 13 26 21 2.700 2 None 1 1
1 25 22 13 2.700 2 None 1 1
1 25 13 22 2.700 2 None 1 1
1 22 13 25 2.700 2 None 1 1
1 13 23 24 2.700 2 None 1 1
1 24 23 13 2.700 2 None 1 1
1 24 13 23 2.700 2 None 1 1
1 23 13 24 2.700 2 None 1 1
1 23 24 13 2.700 2 None 1 1
1 14 32 14 2.700 2 None 1 1
1 31 14 15 2.700 2 None 1 1
1 15 31 14 2.700 2 None 1 1
1 14 31 15 2.700 2 None 1 1
1 14 16 30 2.700 2 None 1 1
1 16 30 14 2.700 2 None 1 1
1 14 17 29 2.700 2 None 1 1
1 17 29 14 2.700 2 None 1 1
1 18 14 28 2.700 2 None 1 1
1 18 28 14 2.700 2 None 1 1
1 27 19 14 2.700 2 None 1 1
1 27 14 19 2.700 2 None 1 1
1 19 14 27 2.700 2 None 1 1
1 26 20 14 2.700 2 None 1 1
1 26 14 20 2.700 2 None 1 1
1 20 14 26 2.700 2 None 1 1
1 25 21 14 2.700 2 None 1 1
1 25 14 21 2.700 2 None 1 1
1 21 14 25 2.700 2 None 1 1
1 21 25 14 2.700 2 None 1 1
1 24 22 14 2.700 2 None 1 1
1 24 14 22 2.700 2 None 1 1
1 22 14 24 2.700 2 None 1 1
1 22 24 14 2.700 2 None 1 1
1 23 23 14 2.700 2 None 1 1
1 23 14 23 2.700 2 None 1 1
1 15 15 30 2.700 2 None 1 1
1 15 30 15 2.700 2 None 1 1
1 15 16 29 2.700 2 None 1 1
1 29 15 16 2.700 2 None 1 1
1 16 15 29 2.700 2 None 1 1
1 15 17 28 2.700 2 None 1 1
1 28 15 17 2.700 2 None 1 1
1 17 15 28 2.700 2 None 1 1
1 27 15 18 2.700 2 None 1 1
1 18 15 27 2.700 2 None 1 1
1 18 27 15 2.700 2 None 1 1
1 15 27 18 2.700 2 None 1 1
1 19 15 26 2.700 2 None 1 1
1 19 26 15 2.700 2 None 1 1
1 25 20 15 2.700 2 None 1 1
1 25 15 20 2.700 2 None 1 1
1 20 15 25 2.700 2 None 1 1
1 15 25 20 2.700 2 None 1 1
1 24 15 21 2.700 2 None 1 1
1 21 15 24 2.700 2 None 1 1
1 21 24 15 2.700 2 None 1 1
1 15 22 23 2.700 2 None 1 1
1 23 22 15 2.700 2 None 1 1
1 23 15 22 2.700 2 None 1 1
1 22 15 23 2.700 2 None 1 1
1 22 23 15 2.700 2 None 1 1
1 16 16 28 2.700 2 None 1 1
1 16 28 16 2.700 2 None 1 1
1 27 16 17 2.700 2 None 1 1
1 17 16 27 2.700 2 None 1 1
1 18 16 26 2.700 2 None 1 1
1 25 16 19 2.700 2 None 1 1
1 19 16 25 2.700 2 None 1 1
1 19 25 16 2.700 2 None 1 1
1 24 16 20 2.700 2 None 1 1
1 20 24 16 2.700 2 None 1 1
1 23 21 16 2.700 2 None 1 1
1 23 16 21 2.700 2 None 1 1
1 21 16 23 2.700 2 None 1 1
1 21 23 16 2.700 2 None 1 1
1 25 17 18 2.700 2 None 1 1
1 17 19 24 2.700 2 None 1 1
1 19 24 17 2.700 2 None 1 1
1 17 24 19 2.700 2 None 1 1
1 23 17 20 2.700 2 None 1 1
1 17 21 22 2.700 2 None 1 1
1 22 17 21 2.700 2 None 1 1
1 21 17 22 2.700 2 None 1 1
1 21 22 17 2.700 2 None 1 1
1 23 18 19 2.700 2 None 1 1
1 19 18 23 2.700 2 None 1 1
1 19 23 18 2.700 2 None 1 1
1 21 18 21 2.700 2 None 1 1
1 19 20 21 2.700 2 None 1 1
1 21 19 20 2.700 2 None 1 1
1 10 47 3 2.727 2 None 1 1
1 11 46 3 2.727 2 None 1 1
1 12 45 3 2.727 2 None 1 1
1 13 44 3 2.727 2 None 1 1
1 14 43 3 2.727 2 None 1 1
1 15 42 3 2.727 2 None 1 1
1 16 41 3 2.727 2 None 1 1
1 17 40 3 2.727 2 None 1 1
1 18 39 3 2.727 2 None 1 1
1 19 38 3 2.727 2 None 1 1
1 20 37 3 2.727 2 None 1 1
1 21 36 3 2.727 2 None 1 1
1 22 35 3 2.727 2 None 1 1
1 23 34 3 2.727 2 None 1 1
1 24 33 3 2.727 2 None 1 1
1 25 32 3 2.727 2 None 1 1
1 26 31 3 2.727 2 None 1 1
1 10 46 4 2.727 2 None 1 1
1 18 38 4 2.727 2 None 1 1
1 19 37 4 2.727 2 None 1 1
1 20 36 4 2.727 2 None 1 1
1 21 35 4 2.727 2 None 1 1
1 22 34 4 2.727 2 None 1 1
1 10 5 45 2.727 2 None 1 1
1 10 45 5 2.727 2 None 1 1
1 11 5 44 2.727 2 None 1 1
1 12 5 43 2.727 2 None 1 1
1 13 5 42 2.727 2 None 1 1
1 14 5 41 2.727 2 None 1 1
1 15 5 40 2.727 2 None 1 1
1 15 40 5 2.727 2 None 1 1
1 16 5 39 2.727 2 None 1 1
1 16 39 5 2.727 2 None 1 1
1 17 5 38 2.727 2 None 1 1
1 17 38 5 2.727 2 None 1 1
1 18 5 37 2.727 2 None 1 1
1 18 37 5 2.727 2 None 1 1
1 19 5 36 2.727 2 None 1 1
1 19 36 5 2.727 2 None 1 1
1 20 5 35 2.727 2 None 1 1
1 20 35 5 2.727 2 None 1 1
1 21 5 34 2.727 2 None 1 1
1 22 5 33 2.727 2 None 1 1
1 23 5 32 2.727 2 None 1 1
1 24 5 31 2.727 2 None 1 1
1 10 6 44 2.727 2 None 1 1
1 10 44 6 2.727 2 None 1 1
1 14 40 6 2.727 2 None 1 1
1 15 39 6 2.727 2 None 1 1
1 16 6 38 2.727 2 None 1 1
1 16 38 6 2.727 2 None 1 1
1 17 6 37 2.727 2 None 1 1
1 17 37 6 2.727 2 None 1 1
1 18 6 36 2.727 2 None 1 1
1 18 36 6 2.727 2 None 1 1
1 19 6 35 2.727 2 None 1 1
1 19 35 6 2.727 2 None 1 1
1 20 6 34 2.727 2 None 1 1
1 20 34 6 2.727 2 None 1 1
1 10 7 43 2.727 2 None 1 1
1 10 43 7 2.727 2 None 1 1
1 13 7 40 2.727 2 None 1 1
1 14 7 39 2.727 2 None 1 1
1 15 7 38 2.727 2 None 1 1
1 15 38 7 2.727 2 None 1 1
1 16 7 37 2.727 2 None 1 1
1 16 37 7 2.727 2 None 1 1
1 17 7 36 2.727 2 None 1 1
1 17 36 7 2.727 2 None 1 1
1 18 7 35 2.727 2 None 1 1
1 18 35 7 2.727 2 None 1 1
1 19 34 7 2.727 2 None 1 1
1 20 33 7 2.727 2 None 1 1
1 21 32 7 2.727 2 None 1 1
1 22 31 7 2.727 2 None 1 1
1 24 29 7 2.727 2 None 1 1
1 10 8 42 2.727 2 None 1 1
1 10 42 8 2.727 2 None 1 1
1 12 8 40 2.727 2 None 1 1
1 13 8 39 2.727 2 None 1 1
1 14 8 38 2.727 2 None 1 1
1 15 8 37 2.727 2 None 1 1
1 16 8 36 2.727 2 None 1 1
1 17 8 35 2.727 2 None 1 1
1 18 8 34 2.727 2 None 1 1
1 18 34 8 2.727 2 None 1 1
1 19 33 8 2.727 2 None 1 1
1 20 32 8 2.727 2 None 1 1
1 21 31 8 2.727 2 None 1 1
1 22 30 8 2.727 2 None 1 1
1 23 29 8 2.727 2 None 1 1
1 24 28 8 2.727 2 None 1 1
1 25 27 8 2.727 2 None 1 1
1 26 26 8 2.727 2 None 1 1
1 10 9 41 2.727 2 None 1 1
1 10 41 9 2.727 2 None 1 1
1 13 9 38 2.727 2 None 1 1
1 14 9 37 2.727 2 None 1 1
1 14 37 9 2.727 2 None 1 1
1 15 9 36 2.727 2 None 1 1
1 16 9 35 2.727 2 None 1 1
1 16 35 9 2.727 2 None 1 1
1 17 9 34 2.727 2 None 1 1
1 17 34 9 2.727 2 None 1 1
1 18 9 33 2.727 2 None 1 1
1 18 33 9 2.727 2 None 1 1
1 19 9 32 2.727 2 None 1 1
1 19 32 9 2.727 2 None 1 1
1 20 9 31 2.727 2 None 1 1
1 20 31 9 2.727 2 None 1 1
1 21 30 9 2.727 2 None 1 1
1 22 29 9 2.727 2 None 1 1
1 23 28 9 2.727 2 None 1 1
1 24 9 27 2.727 2 None 1 1
1 10 10 40 2.727 2 None 1 1
1 10 40 10 2.727 2 None 1 1
1 10 11 39 2.727 2 None 1 1
1 10 39 11 2.727 2 None 1 1
1 10 12 38 2.727 2 None 1 1
1 12 38 10 2.727 2 None 1 1
1 10 38 12 2.727 2 None 1 1
1 10 13 37 2.727 2 None 1 1
1 13 37 10 2.727 2 None 1 1
1 10 37 13 2.727 2 None 1 1
1 10 14 36 2.727 2 None 1 1
1 14 36 10 2.727 2 None 1 1
1 10 36 14 2.727 2 None 1 1
1 10 15 35 2.727 2 None 1 1
1 15 35 10 2.727 2 None 1 1
1 10 16 34 2.727 2 None 1 1
1 16 10 34 2.727 2 None 1 1
1 16 34 10 2.727 2 None 1 1
1 17 10 33 2.727 2 None 1 1
1 17 33 10 2.727 2 None 1 1
1 10 33 17 2.727 2 None 1 1
1 18 10 32 2.727 2 None 1 1
1 18 32 10 2.727 2 None 1 1
1 10 32 18 2.727 2 None 1 1
1 10 19 31 2.727 2 None 1 1
1 19 10 31 2.727 2 None 1 1
1 19 31 10 2.727 2 None 1 1
1 10 31 19 2.727 2 None 1 1
1 10 20 30 2.727 2 None 1 1
1 20 10 30 2.727 2 None 1 1
1 20 30 10 2.727 2 None 1 1
1 10 30 20 2.727 2 None 1 1
1 10 21 29 2.727 2 None 1 1
1 21 10 29 2.727 2 None 1 1
1 10 29 21 2.727 2 None 1 1
1 10 22 28 2.727 2 None 1 1
1 22 10 28 2.727 2 None 1 1
1 10 28 22 2.727 2 None 1 1
1 10 23 27 2.727 2 None 1 1
1 23 10 27 2.727 2 None 1 1
1 10 24 26 2.727 2 None 1 1
1 24 10 26 2.727 2 None 1 1
1 11 38 11 2.727 2 None 1 1
1 12 11 37 2.727 2 None 1 1
1 12 37 11 2.727 2 None 1 1
1 11 37 12 2.727 2 None 1 1
1 11 13 36 2.727 2 None 1 1
1 13 11 36 2.727 2 None 1 1
1 13 36 11 2.727 2 None 1 1
1 11 14 35 2.727 2 None 1 1
1 14 11 35 2.727 2 None 1 1
1 14 35 11 2.727 2 None 1 1
1 11 35 14 2.727 2 None 1 1
1 15 34 11 2.727 2 None 1 1
1 11 16 33 2.727 2 None 1 1
1 16 11 33 2.727 2 None 1 1
1 16 33 11 2.727 2 None 1 1
1 17 11 32 2.727 2 None 1 1
1 17 32 11 2.727 2 None 1 1
1 18 11 31 2.727 2 None 1 1
1 18 31 11 2.727 2 None 1 1
1 11 31 18 2.727 2 None 1 1
1 11 19 30 2.727 2 None 1 1
1 19 11 30 2.727 2 None 1 1
1 20 11 29 2.727 2 None 1 1
1 20 29 11 2.727 2 None 1 1
1 21 11 28 2.727 2 None 1 1
1 12 12 36 2.727 2 None 1 1
1 12 36 12 2.727 2 None 1 1
1 12 13 35 2.727 2 None 1 1
1 13 12 35 2.727 2 None 1 1
1 13 35 12 2.727 2 None 1 1
1 12 35 13 2.727 2 None 1 1
1 12 14 34 2.727 2 None 1 1
1 14 12 34 2.727 2 None 1 1
1 14 34 12 2.727 2 None 1 1
1 12 15 33 2.727 2 None 1 1
1 15 12 33 2.727 2 None 1 1
1 15 33 12 2.727 2 None 1 1
1 16 12 32 2.727 2 None 1 1
1 17 12 31 2.727 2 None 1 1
1 17 31 12 2.727 2 None 1 1
1 18 12 30 2.727 2 None 1 1
1 12 29 19 2.727 2 None 1 1
1 12 28 20 2.727 2 None 1 1
1 12 21 27 2.727 2 None 1 1
1 12 27 21 2.727 2 None 1 1
1 12 22 26 2.727 2 None 1 1
1 12 23 25 2.727 2 None 1 1
1 23 12 25 2.727 2 None 1 1
1 13 13 34 2.727 2 None 1 1
1 13 34 13 2.727 2 None 1 1
1 14 13 33 2.727 2 None 1 1
1 14 33 13 2.727 2 None 1 1
1 15 13 32 2.727 2 None 1 1
1 16 13 31 2.727 2 None 1 1
1 13 31 16 2.727 2 None 1 1
1 13 18 29 2.727 2 None 1 1
1 18 13 29 2.727 2 None 1 1
1 13 19 28 2.727 2 None 1 1
1 13 28 19 2.727 2 None 1 1
1 20 13 27 2.727 2 None 1 1
1 22 25 13 2.727 2 None 1 1
1 14 14 32 2.727 2 None 1 1
1 14 15 31 2.727 2 None 1 1
1 15 14 31 2.727 2 None 1 1
1 16 14 30 2.727 2 None 1 1
1 14 30 16 2.727 2 None 1 1
1 17 14 29 2.727 2 None 1 1
1 14 29 17 2.727 2 None 1 1
1 14 18 28 2.727 2 None 1 1
1 14 28 18 2.727 2 None 1 1
1 19 27 14 2.727 2 None 1 1
1 14 27 19 2.727 2 None 1 1
1 14 20 26 2.727 2 None 1 1
1 20 26 14 2.727 2 None 1 1
1 14 26 20 2.727 2 None 1 1
1 14 21 25 2.727 2 None 1 1
1 14 22 24 2.727 2 None 1 1
1 16 29 15 2.727 2 None 1 1
1 15 29 16 2.727 2 None 1 1
1 17 28 15 2.727 2 None 1 1
1 15 18 27 2.727 2 None 1 1
1 15 20 25 2.727 2 None 1 1
1 20 25 15 2.727 2 None 1 1
1 24 21 15 2.727 2 None 1 1
1 16 17 27 2.727 2 None 1 1
1 17 27 16 2.727 2 None 1 1
1 16 27 17 2.727 2 None 1 1
1 16 18 26 2.727 2 None 1 1
1 26 16 18 2.727 2 None 1 1
1 18 26 16 2.727 2 None 1 1
1 16 26 18 2.727 2 None 1 1
1 16 19 25 2.727 2 None 1 1
1 16 25 19 2.727 2 None 1 1
1 16 20 24 2.727 2 None 1 1
1 20 16 24 2.727 2 None 1 1
1 16 21 23 2.727 2 None 1 1
1 22 22 16 2.727 2 None 1 1
1 22 16 22 2.727 2 None 1 1
1 17 17 26 2.727 2 None 1 1
1 17 26 17 2.727 2 None 1 1
1 18 17 25 2.727 2 None 1 1
1 18 25 17 2.727 2 None 1 1
1 17 25 18 2.727 2 None 1 1
1 24 17 19 2.727 2 None 1 1
1 19 17 24 2.727 2 None 1 1
1 20 17 23 2.727 2 None 1 1
1 20 23 17 2.727 2 None 1 1
1 18 18 24 2.727 2 None 1 1
1 18 24 18 2.727 2 None 1 1
1 18 19 23 2.727 2 None 1 1
1 18 20 22 2.727 2 None 1 1
1 22 18 20 2.727 2 None 1 1
1 20 18 22 2.727 2 None 1 1
1 19 19 22 2.727 2 None 1 1
1 20 19 21 2.727 2 None 1 1
2 53 5 2 2.750 2 None 2 1
2 3 4 53 2.750 2 None 2 1
2 51 6 3 2.750 2 None 2 1
2 3 31 26 2.750 2 None 2 1
1 11 45 4 2.750 2 None 1 1
1 12 44 4 2.750 2 None 1 1
1 13 43 4 2.750 2 None 1 1
1 14 42 4 2.750 2 None 1 1
1 15 41 4 2.750 2 None 1 1
1 16 40 4 2.750 2 None 1 1
1 17 39 4 2.750 2 None 1 1
1 11 44 5 2.750 2 None 1 1
1 12 43 5 2.750 2 None 1 1
1 13 42 5 2.750 2 None 1 1
1 14 41 5 2.750 2 None 1 1
2 5 29 26 2.750 2 None 2 1
1 11 6 43 2.750 2 None 1 1
1 11 43 6 2.750 2 None 1 1
1 12 6 42 2.750 2 None 1 1
1 12 42 6 2.750 2 None 1 1
1 13 6 41 2.750 2 None 1 1
1 13 41 6 2.750 2 None 1 1
1 14 6 40 2.750 2 None 1 1
1 15 6 39 2.750 2 None 1 1
1 11 7 42 2.750 2 None 1 1
1 11 42 7 2.750 2 None 1 1
1 12 7 41 2.750 2 None 1 1
1 12 41 7 2.750 2 None 1 1
1 13 40 7 2.750 2 None 1 1
1 14 39 7 2.750 2 None 1 1
1 11 8 41 2.750 2 None 1 1
1 11 41 8 2.750 2 None 1 1
1 12 40 8 2.750 2 None 1 1
1 13 39 8 2.750 2 None 1 1
1 14 38 8 2.750 2 None 1 1
1 15 37 8 2.750 2 None 1 1
1 16 36 8 2.750 2 None 1 1
1 17 35 8 2.750 2 None 1 1
1 11 9 40 2.750 2 None 1 1
1 11 40 9 2.750 2 None 1 1
1 12 9 39 2.750 2 None 1 1
1 12 39 9 2.750 2 None 1 1
1 13 38 9 2.750 2 None 1 1
1 15 36 9 2.750 2 None 1 1
1 11 10 39 2.750 2 None 1 1
1 11 39 10 2.750 2 None 1 1
1 12 10 38 2.750 2 None 1 1
1 13 10 37 2.750 2 None 1 1
1 14 10 36 2.750 2 None 1 1
1 15 10 35 2.750 2 None 1 1
1 11 11 38 2.750 2 None 1 1
1 11 12 37 2.750 2 None 1 1
1 11 36 13 2.750 2 None 1 1
1 11 15 34 2.750 2 None 1 1
1 15 11 34 2.750 2 None 1 1
1 11 32 17 2.750 2 None 1 1
1 11 30 19 2.750 2 None 1 1
1 11 20 29 2.750 2 None 1 1
1 11 29 20 2.750 2 None 1 1
1 11 21 28 2.750 2 None 1 1
1 11 28 21 2.750 2 None 1 1
1 11 22 27 2.750 2 None 1 1
1 11 23 26 2.750 2 None 1 1
1 12 31 17 2.750 2 None 1 1
1 12 30 18 2.750 2 None 1 1
1 12 19 29 2.750 2 None 1 1
1 12 20 28 2.750 2 None 1 1
1 13 15 32 2.750 2 None 1 1
1 13 29 18 2.750 2 None 1 1
1 13 20 27 2.750 2 None 1 1
1 13 27 20 2.750 2 None 1 1
1 13 21 26 2.750 2 None 1 1
1 13 22 25 2.750 2 None 1 1
1 14 19 27 2.750 2 None 1 1
1 15 28 17 2.750 2 None 1 1
1 15 19 26 2.750 2 None 1 1
1 15 26 19 2.750 2 None 1 1
1 15 21 24 2.750 2 None 1 1
1 17 18 25 2.750 2 None 1 1
1 17 20 23 2.750 2 None 1 1
27 3 56 1 2.800 2 None 2 1
28 1 56 3 2.800 2 None 2 1
27 1 56 3 2.800 2 None 2 1
26 1 56 3 2.800 2 None 2 1
25 1 56 3 2.800 2 None 3 1
3 6 53 1 2.800 2 None 3 1
3 52 7 1 2.800 2 None 2 1
2 52 7 1 2.800 2 None 2 1
3 51 8 1 2.800 2 None 2 1
15 14 45 1 2.800 2 None 3 1
2 1 16 43 2.800 2 None 4 1
3 1 22 37 2.800 2 None 3 1
4 1 33 26 2.800 2 None 2 1
2 1 33 26 2.800 2 None 3 1
4 1 32 27 2.800 2 None 2 1
3 2 6 52 2.800 2 None 2 1
13 13 45 2 2.800 2 2 None 0
2 2 45 13 2.800 2 13 2 1
14 14 44 2 2.800 2 2 None 0
2 2 16 42 2.800 2 None 2 1
2 2 41 17 2.800 2 17 2 1
19 18 40 2 2.800 2 None 2 1
18 19 39 2 2.800 2 None 2 1
19 2 38 20 2.800 2 None 2 1
3 2 32 26 2.800 2 None 2 1
2 2 32 26 2.800 2 None 2 1
4 3 31 26 2.800 2 None 2 1
3 3 31 26 2.800 2 None 2 1
2 3 29 28 2.800 2 None 2 1
3 4 30 26 2.800 2 None 1 1
3 5 29 26 2.800 2 5 3 1
2 6 28 26 2.800 2 6 2 1
4 1 8 51 2.833 2 None 2 1
11 12 47 1 2.833 2 None 4 1
2 1 17 42 2.833 2 None 4 1
20 17 42 1 2.833 2 None 2 1
4 1 42 17 2.833 2 None 3 1
2 1 42 17 2.833 2 None 4 1
18 21 38 1 2.833 2 None 2 1
2 1 37 22 2.833 2 None 5 1
12 1 35 24 2.833 2 None 4 1
4 1 34 25 2.833 2 None 2 1
2 7 28 25 2.833 2 None 2 1
11 1 58 1 2.857 2 None 1 1
23 1 58 1 2.857 2 None 1 1
11 10 49 1 2.857 2 None 5 1
2 1 49 10 2.857 2 None 5 1
2 49 7 4 2.857 2 None 2 1
5 5 30 25 2.857 2 5 1 1
2 9 27 24 2.875 2 None 2 1
2 47 8 5 2.889 2 None 2 1
2 5 54 1 2.900 2 None 2 1
12 1 36 23 2.900 2 None 4 1
2 1 25 34 2.900 2 None 5 1
2 3 5 52 2.900 2 None 2 1
2 3 39 18 2.900 2 None 2 1
2 3 20 37 2.900 2 None 2 1
2 11 26 23 2.900 2 None 2 1
2 45 9 6 2.909 2 None 2 1
2 43 10 7 2.909 2 None 2 1
2 13 25 22 2.909 2 None 2 1
2 15 24 21 2.917 2 None 2 1
2 41 11 8 2.923 2 None 2 1
2 39 12 9 2.923 2 None 2 1
2 17 23 20 2.923 2 None 2 1
2 37 13 10 2.929 2 None 2 1
2 35 14 11 2.929 2 None 2 1
2 33 15 12 2.929 2 None 2 1
2 31 16 13 2.929 2 None 2 1
2 29 17 14 2.929 2 None 2 1
2 27 18 15 2.929 2 None 2 1
2 25 19 16 2.929 2 None 2 1
2 23 20 17 2.929 2 None 2 1
2 21 21 18 2.929 2 None 2 1
2 19 22 19 2.929 2 None 2 1
9 1 58 1 3.000 2 None 1 1
18 2 57 1 3.000 2 None 3 1
19 2 57 1 3.000 2 None 3 1
20 2 57 1 3.000 2 None 3 1
19 1 57 2 3.000 2 None 3 1
18 1 57 2 3.000 2 None 3 1
17 1 57 2 3.000 2 None 3 1
27 4 55 1 3.000 2 None 2 1
27 1 55 4 3.000 2 None 2 1
26 1 55 4 3.000 2 None 2 1
25 1 55 4 3.000 2 None 2 1
2 6 53 1 3.000 2 None 2 1
2 51 8 1 3.000 2 None 2 1
4 8 51 1 3.000 2 None 4 1
9 8 51 1 3.000 2 None 6 1
2 1 51 8 3.000 2 None 6 1
4 50 9 1 3.000 2 None 2 1
3 50 9 1 3.000 2 None 3 1
2 50 9 1 3.000 2 None 2 1
5 1 10 49 3.000 2 None 2 1
4 49 10 1 3.000 2 None 2 1
9 10 49 1 3.000 2 None 5 1
2 1 47 12 3.000 2 None 5 1
2 1 14 45 3.000 2 None 5 1
15 16 43 1 3.000 2 None 4 1
19 17 42 1 3.000 2 None 3 1
21 1 42 17 3.000 2 None 2 1
3 1 42 17 3.000 2 None 3 1
18 22 37 1 3.000 2 None 2 1
18 1 37 22 3.000 2 None 2 1
14 1 37 22 3.000 2 None 5 1
5 1 23 36 3.000 2 None 4 1
5 1 35 24 3.000 2 None 2 1
5 1 34 25 3.000 2 None 2 1
5 1 33 26 3.000 2 None 2 1
27 2 56 2 3.000 2 None 2 1
28 2 56 2 3.000 2 None 2 1
2 52 6 2 3.000 2 None 2 1
3 51 7 2 3.000 2 None 2 1
2 51 7 2 3.000 2 None 2 1
10 10 48 2 3.000 2 2 None 0
2 2 48 10 3.000 2 10 2 1
11 11 47 2 3.000 2 2 None 0
2 2 13 45 3.000 2 None 2 1
18 17 41 2 3.000 2 None 3 1
19 17 41 2 3.000 2 None 2 1
3 2 41 17 3.000 2 None 3 1
18 20 38 2 3.000 2 None 2 1
2 2 22 36 3.000 2 None 2 1
12 2 35 23 3.000 2 2 None 0
2 2 25 33 3.000 2 None 2 1
4 2 33 25 3.000 2 None 2 1
4 2 32 26 3.000 2 None 2 1
3 3 6 51 3.000 2 None 3 1
2 50 7 3 3.000 2 None 2 1
2 49 8 3 3.000 2 None 2 1
2 3 44 13 3.000 2 None 2 1
2 3 16 41 3.000 2 None 2 1
17 17 40 3 3.000 2 3 None 0
3 3 40 17 3.000 2 17 3 1
2 3 40 17 3.000 2 None 2 1
18 18 39 3 3.000 2 3 None 0
19 3 38 19 3.000 2 3 None 0
2 3 21 36 3.000 2 None 2 1
3 3 21 36 3.000 2 None 3 1
3 3 32 25 3.000 2 None 2 1
2 3 32 25 3.000 2 None 2 1
2 4 4 52 3.000 2 None 2 1
2 4 5 51 3.000 2 None 2 1
2 51 5 4 3.000 2 None 2 1
2 5 4 51 3.000 2 None 2 1
2 50 6 4 3.000 2 None 2 1
2 48 8 4 3.000 2 None 2 1
2 47 9 4 3.000 2 None 2 1
2 4 39 17 3.000 2 None 2 1
2 4 20 36 3.000 2 None 2 1
5 4 31 25 3.000 2 None 2 1
4 4 31 25 3.000 2 None 2 1
2 4 30 26 3.000 2 None 2 1
2 49 5 6 3.000 2 None 2 1
2 48 7 5 3.000 2 None 2 1
2 46 9 5 3.000 2 None 2 1
2 45 10 5 3.000 2 None 2 1
2 5 38 17 3.000 2 None 2 1
4 5 30 25 3.000 2 None 1 1
2 5 30 25 3.000 2 None 2 1
2 5 28 27 3.000 2 None 2 1
2 44 10 6 3.000 2 None 2 1
2 43 11 6 3.000 2 None 2 1
6 6 30 24 3.000 2 6 1 1
2 6 29 25 3.000 2 None 2 1
2 42 11 7 3.000 2 None 2 1
2 41 12 7 3.000 2 None 2 1
2 7 29 24 3.000 2 None 2 1
2 40 12 8 3.000 2 None 2 1
2 39 13 8 3.000 2 None 2 1
2 8 28 24 3.000 2 None 2 1
2 8 27 25 3.000 2 8 2 1
2 38 13 9 3.000 2 None 2 1
2 37 14 9 3.000 2 None 2 1
2 9 28 23 3.000 2 None 2 1
2 36 14 10 3.000 2 None 2 1
2 35 15 10 3.000 2 None 2 1
2 10 27 23 3.000 2 None 2 1
2 34 15 11 3.000 2 None 2 1
2 33 16 11 3.000 2 None 2 1
2 11 27 22 3.000 2 None 2 1
2 32 16 12 3.000 2 None 2 1
2 31 17 12 3.000 2 None 2 1
2 12 26 22 3.000 2 None 2 1
2 30 17 13 3.000 2 None 2 1
2 29 18 13 3.000 2 None 2 1
2 13 26 21 3.000 2 None 2 1
2 28 18 14 3.000 2 None 2 1
2 27 19 14 3.000 2 None 2 1
2 14 25 21 3.000 2 None 2 1
2 26 19 15 3.000 2 None 2 1
2 25 20 15 3.000 2 None 2 1
2 15 25 20 3.000 2 None 2 1
2 24 20 16 3.000 2 None 2 1
2 16 24 20 3.000 2 None 2 1
2 23 21 16 3.000 2 None 2 1
2 17 24 19 3.000 2 None 2 1
2 22 21 17 3.000 2 None 2 1
2 21 22 17 3.000 2 None 2 1
2 19 23 18 3.000 2 None 2 1
2 18 23 19 3.000 2 None 2 1
2 20 22 18 3.000 2 None 2 1
