0 1 1 38 1.500 2 None 1 1
0 38 1 1 1.500 2 None 1 1
0 1 2 37 1.667 2 None 1 1
1 1 2 37 1.667 2 None 1 1
0 37 1 2 1.667 2 None 1 1
0 2 1 37 1.667 2 None 1 1
0 1 3 36 1.750 2 None 1 1
0 36 1 3 1.750 2 None 1 1
0 3 1 36 1.750 2 None 1 1
0 1 4 35 1.800 2 None 1 1
0 35 1 4 1.800 2 None 1 1
0 4 1 35 1.800 2 None 1 1
0 1 5 34 1.833 2 None 1 1
0 34 1 5 1.833 2 None 1 1
0 5 1 34 1.833 2 None 1 1
0 1 6 33 1.857 2 None 1 1
0 33 1 6 1.857 2 None 1 1
0 6 1 33 1.857 2 None 1 1
0 1 7 32 1.875 2 None 1 1
0 32 1 7 1.875 2 None 1 1
0 7 1 32 1.875 2 None 1 1
1 1 38 1 1.889 2 1 None 0
1 1 3 36 1.889 2 None 1 1
0 1 8 31 1.889 2 None 1 1
0 31 1 8 1.889 2 None 1 1
0 8 1 31 1.889 2 None 1 1
0 1 9 30 1.889 2 None 1 1
0 30 1 9 1.889 2 None 1 1
0 9 1 30 1.889 2 None 1 1
0 1 10 29 1.889 2 None 1 1
0 29 1 10 1.889 2 None 1 1
0 10 1 29 1.889 2 None 1 1
0 1 11 28 1.889 2 None 1 1
0 28 1 11 1.889 2 None 1 1
0 11 1 28 1.889 2 None 1 1
0 1 12 27 1.889 2 None 1 1
0 27 1 12 1.889 2 None 1 1
0 12 1 27 1.889 2 None 1 1
0 1 13 26 1.889 2 None 1 1
0 26 1 13 1.889 2 None 1 1
0 13 1 26 1.889 2 None 1 1
0 1 14 25 1.889 2 None 1 1
0 25 1 14 1.889 2 None 1 1
0 14 1 25 1.889 2 None 1 1
0 1 15 24 1.889 2 None 1 1
0 24 1 15 1.889 2 None 1 1
0 15 1 24 1.889 2 None 1 1
0 1 16 23 1.889 2 None 1 1
0 23 1 16 1.889 2 None 1 1
0 16 1 23 1.889 2 None 1 1
0 1 17 22 1.889 2 None 1 1
0 22 1 17 1.889 2 None 1 1
0 17 1 22 1.889 2 None 1 1
0 1 18 21 1.889 2 None 1 1
0 21 1 18 1.889 2 None 1 1
0 18 1 21 1.889 2 None 1 1
1 1 21 18 1.889 2 None 1 1
0 1 19 20 1.889 2 None 1 1
0 20 1 19 1.889 2 None 1 1
0 19 1 20 1.889 2 None 1 1
1 1 20 19 1.889 2 1 None 0
2 2 37 1 1.900 2 1 None 0
1 1 37 2 1.900 2 2 1 1
1 1 4 35 1.900 2 None 1 1
5 5 34 1 1.900 2 1 None 0
1 1 34 5 1.900 2 5 1 1
1 1 6 33 1.900 2 None 1 1
6 6 33 1 1.900 2 1 None 0
1 1 33 6 1.900 2 6 1 1
1 1 7 32 1.900 2 None 1 1
1 1 8 31 1.900 2 None 1 1
1 1 9 30 1.900 2 None 1 1
10 10 29 1 1.900 2 1 None 0
1 1 29 10 1.900 2 10 1 1
11 11 28 1 1.900 2 1 None 0
1 1 28 11 1.900 2 11 1 1
1 1 12 27 1.900 2 None 1 1
12 12 27 1 1.900 2 1 None 0
1 1 27 12 1.900 2 12 1 1
1 1 13 26 1.900 2 None 1 1
13 1 26 13 1.900 2 1 None 0
1 1 26 13 1.900 2 None 1 1
1 1 14 25 1.900 2 None 1 1
11 1 25 14 1.900 2 1 None 0
1 1 25 14 1.900 2 None 1 1
1 1 15 24 1.900 2 None 1 1
9 1 24 15 1.900 2 1 None 0
1 1 24 15 1.900 2 None 1 1
1 1 16 23 1.900 2 None 1 1
7 1 23 16 1.900 2 1 None 0
1 1 23 16 1.900 2 None 1 1
1 1 17 22 1.900 2 None 1 1
5 1 22 17 1.900 2 1 None 0
1 1 22 17 1.900 2 None 1 1
1 1 18 21 1.900 2 None 1 1
3 1 21 18 1.900 2 1 None 0
1 1 19 20 1.900 2 None 1 1
3 3 36 1 1.909 2 1 None 0
1 1 36 3 1.909 2 3 1 1
4 4 35 1 1.909 2 1 None 0
1 1 35 4 1.909 2 4 1 1
1 1 5 34 1.909 2 None 1 1
7 7 32 1 1.909 2 1 None 0
1 1 32 7 1.909 2 7 1 1
8 8 31 1 1.909 2 1 None 0
1 1 31 8 1.909 2 8 1 1
9 9 30 1 1.909 2 1 None 0
1 1 30 9 1.909 2 9 1 1
1 1 10 29 1.909 2 None 1 1
1 1 11 28 1.909 2 None 1 1
18 1 38 1 2.000 2 None 1 1
19 1 38 1 2.000 2 None 1 1
1 2 37 1 2.000 2 None 1 1
1 36 3 1 2.000 2 None 1 1
1 35 4 1 2.000 2 None 1 1
2 1 21 18 2.000 2 None 2 1
0 2 2 36 2.000 2 None 1 1
1 2 2 36 2.000 2 None 1 1
0 36 2 2 2.000 2 None 1 1
1 2 36 2 2.000 2 None 2 1
0 2 3 35 2.000 2 None 1 1
1 2 3 35 2.000 2 None 1 1
1 35 3 2 2.000 2 None 1 1
0 35 2 3 2.000 2 None 1 1
1 3 2 35 2.000 2 None 1 1
0 3 2 35 2.000 2 None 1 1
1 2 35 3 2.000 2 None 1 1
0 2 4 34 2.000 2 None 1 1
1 2 4 34 2.000 2 None 1 1
1 34 4 2 2.000 2 None 1 1
0 34 2 4 2.000 2 None 1 1
1 4 2 34 2.000 2 None 1 1
0 4 2 34 2.000 2 None 1 1
1 2 34 4 2.000 2 None 1 1
0 2 5 33 2.000 2 None 1 1
1 2 5 33 2.000 2 None 1 1
0 33 2 5 2.000 2 None 1 1
1 5 2 33 2.000 2 None 1 1
0 5 2 33 2.000 2 None 1 1
1 2 33 5 2.000 2 None 1 1
0 2 6 32 2.000 2 None 1 1
1 2 6 32 2.000 2 None 1 1
0 32 2 6 2.000 2 None 1 1
1 6 2 32 2.000 2 None 1 1
0 6 2 32 2.000 2 None 1 1
1 2 32 6 2.000 2 None 1 1
0 2 7 31 2.000 2 None 1 1
1 2 7 31 2.000 2 None 1 1
0 31 2 7 2.000 2 None 1 1
1 7 2 31 2.000 2 None 1 1
0 7 2 31 2.000 2 None 1 1
1 2 31 7 2.000 2 None 1 1
0 2 8 30 2.000 2 None 1 1
1 2 8 30 2.000 2 None 1 1
0 30 2 8 2.000 2 None 1 1
1 8 2 30 2.000 2 None 1 1
0 8 2 30 2.000 2 None 1 1
1 2 30 8 2.000 2 None 1 1
0 2 9 29 2.000 2 None 1 1
1 2 9 29 2.000 2 None 1 1
0 29 2 9 2.000 2 None 1 1
1 9 2 29 2.000 2 None 1 1
0 9 2 29 2.000 2 None 1 1
1 2 29 9 2.000 2 None 1 1
0 2 10 28 2.000 2 None 1 1
1 2 10 28 2.000 2 None 1 1
0 28 2 10 2.000 2 None 1 1
1 10 2 28 2.000 2 None 1 1
0 10 2 28 2.000 2 None 1 1
1 2 28 10 2.000 2 None 1 1
0 2 11 27 2.000 2 None 1 1
1 2 11 27 2.000 2 None 1 1
0 27 2 11 2.000 2 None 1 1
1 11 2 27 2.000 2 None 1 1
0 11 2 27 2.000 2 None 1 1
1 2 27 11 2.000 2 None 1 1
0 2 12 26 2.000 2 None 1 1
1 2 12 26 2.000 2 None 1 1
0 26 2 12 2.000 2 None 1 1
1 12 2 26 2.000 2 None 1 1
0 12 2 26 2.000 2 None 1 1
1 2 26 12 2.000 2 None 1 1
0 2 13 25 2.000 2 None 1 1
1 2 13 25 2.000 2 None 1 1
0 25 2 13 2.000 2 None 1 1
1 13 2 25 2.000 2 None 1 1
0 13 2 25 2.000 2 None 1 1
1 2 25 13 2.000 2 None 1 1
0 2 14 24 2.000 2 None 1 1
1 2 14 24 2.000 2 None 1 1
0 24 2 14 2.000 2 None 1 1
1 14 2 24 2.000 2 None 1 1
0 14 2 24 2.000 2 None 1 1
1 2 24 14 2.000 2 None 1 1
0 2 15 23 2.000 2 None 1 1
1 2 15 23 2.000 2 None 1 1
0 23 2 15 2.000 2 None 1 1
1 15 2 23 2.000 2 None 1 1
0 15 2 23 2.000 2 None 1 1
1 2 23 15 2.000 2 None 1 1
0 2 16 22 2.000 2 None 1 1
1 2 16 22 2.000 2 None 1 1
0 22 2 16 2.000 2 None 1 1
1 16 2 22 2.000 2 None 1 1
0 16 2 22 2.000 2 None 1 1
1 2 22 16 2.000 2 None 1 1
0 2 17 21 2.000 2 None 1 1
1 2 17 21 2.000 2 None 1 1
0 21 2 17 2.000 2 None 1 1
1 17 2 21 2.000 2 None 1 1
0 17 2 21 2.000 2 None 1 1
1 2 21 17 2.000 2 None 1 1
0 2 18 20 2.000 2 None 1 1
1 2 18 20 2.000 2 None 1 1
0 20 2 18 2.000 2 None 1 1
1 18 2 20 2.000 2 None 1 1
0 18 2 20 2.000 2 None 1 1
2 2 20 18 2.000 2 2 None 0
1 2 20 18 2.000 2 None 1 1
0 2 19 19 2.000 2 2 None 0
1 2 19 19 2.000 2 None 1 1
0 19 2 19 2.000 2 None 1 1
1 19 2 19 2.000 2 None 1 1
1 3 36 1 2.250 2 None 1 1
2 1 4 35 2.250 2 None 2 1
1 34 5 1 2.250 2 None 1 1
1 33 6 1 2.250 2 None 1 1
13 12 27 1 2.250 2 None 2 1
12 13 26 1 2.250 2 None 2 1
2 1 22 17 2.250 2 None 2 1
1 3 35 2 2.250 2 None 1 1
1 33 5 2 2.250 2 None 1 1
1 32 6 2 2.250 2 None 1 1
1 31 7 2 2.250 2 None 1 1
0 3 3 34 2.250 2 None 1 1
1 3 3 34 2.250 2 None 1 1
1 34 3 3 2.250 2 None 1 1
0 34 3 3 2.250 2 None 1 1
1 3 34 3 2.250 2 None 1 1
0 3 4 33 2.250 2 None 1 1
1 3 4 33 2.250 2 None 1 1
1 33 4 3 2.250 2 None 1 1
0 33 3 4 2.250 2 None 1 1
1 33 3 4 2.250 2 None 1 1
0 4 3 33 2.250 2 None 1 1
1 3 33 4 2.250 2 None 1 1
0 3 5 32 2.250 2 None 1 1
1 3 5 32 2.250 2 None 1 1
1 32 5 3 2.250 2 None 1 1
0 32 3 5 2.250 2 None 1 1
0 5 3 32 2.250 2 None 1 1
1 3 32 5 2.250 2 None 1 1
0 3 6 31 2.250 2 None 1 1
1 3 6 31 2.250 2 None 1 1
1 31 6 3 2.250 2 None 1 1
0 31 3 6 2.250 2 None 1 1
1 31 3 6 2.250 2 None 1 1
0 6 3 31 2.250 2 None 1 1
1 3 31 6 2.250 2 None 1 1
0 3 7 30 2.250 2 None 1 1
1 3 7 30 2.250 2 None 1 1
0 30 3 7 2.250 2 None 1 1
0 7 3 30 2.250 2 None 1 1
1 3 30 7 2.250 2 None 1 1
0 3 8 29 2.250 2 None 1 1
1 3 8 29 2.250 2 None 1 1
0 29 3 8 2.250 2 None 1 1
0 8 3 29 2.250 2 None 1 1
1 3 29 8 2.250 2 None 1 1
0 3 9 28 2.250 2 None 1 1
1 3 9 28 2.250 2 None 1 1
0 28 3 9 2.250 2 None 1 1
0 9 3 28 2.250 2 None 1 1
1 3 28 9 2.250 2 None 1 1
0 3 10 27 2.250 2 None 1 1
1 3 10 27 2.250 2 None 1 1
0 27 3 10 2.250 2 None 1 1
0 10 3 27 2.250 2 None 1 1
1 3 27 10 2.250 2 None 1 1
0 3 11 26 2.250 2 None 1 1
1 3 11 26 2.250 2 None 1 1
0 26 3 11 2.250 2 None 1 1
0 11 3 26 2.250 2 None 1 1
1 3 26 11 2.250 2 None 1 1
0 3 12 25 2.250 2 None 1 1
1 3 12 25 2.250 2 None 1 1
0 25 3 12 2.250 2 None 1 1
0 12 3 25 2.250 2 None 1 1
1 3 25 12 2.250 2 None 1 1
0 3 13 24 2.250 2 None 1 1
1 3 13 24 2.250 2 None 1 1
0 24 3 13 2.250 2 None 1 1
0 13 3 24 2.250 2 None 1 1
1 3 24 13 2.250 2 None 1 1
0 3 14 23 2.250 2 None 1 1
1 3 14 23 2.250 2 None 1 1
0 23 3 14 2.250 2 None 1 1
0 14 3 23 2.250 2 None 1 1
1 3 23 14 2.250 2 None 1 1
0 3 15 22 2.250 2 None 1 1
1 3 15 22 2.250 2 None 1 1
0 22 3 15 2.250 2 None 1 1
0 15 3 22 2.250 2 None 1 1
1 3 22 15 2.250 2 None 1 1
0 3 16 21 2.250 2 None 1 1
1 3 16 21 2.250 2 None 1 1
0 21 3 16 2.250 2 None 1 1
0 16 3 21 2.250 2 None 1 1
1 3 21 16 2.250 2 None 1 1
0 3 17 20 2.250 2 None 1 1
1 3 17 20 2.250 2 None 1 1
0 20 3 17 2.250 2 None 1 1
0 17 3 20 2.250 2 None 1 1
1 3 20 17 2.250 2 None 1 1
0 3 18 19 2.250 2 None 1 1
1 3 18 19 2.250 2 None 1 1
0 19 3 18 2.250 2 None 1 1
0 18 3 19 2.250 2 None 1 1
1 3 19 18 2.250 2 3 1 1
12 1 38 1 2.400 2 None 1 1
13 1 38 1 2.400 2 None 1 1
1 4 35 1 2.400 2 None 1 1
1 32 7 1 2.400 2 None 1 1
1 31 8 1 2.400 2 None 1 1
12 1 25 14 2.400 2 None 3 1
1 4 34 2 2.400 2 None 1 1
1 30 8 2 2.400 2 None 1 1
1 29 9 2 2.400 2 None 1 1
1 28 10 2 2.400 2 None 1 1
1 4 3 33 2.400 2 None 1 1
1 4 33 3 2.400 2 None 1 1
1 32 3 5 2.400 2 None 1 1
1 29 8 3 2.400 2 None 1 1
1 29 3 8 2.400 2 None 1 1
1 28 9 3 2.400 2 None 1 1
1 27 10 3 2.400 2 None 1 1
3 3 20 17 2.400 2 3 1 1
0 4 4 32 2.400 2 None 1 1
1 4 4 32 2.400 2 None 1 1
1 32 4 4 2.400 2 None 1 1
0 32 4 4 2.400 2 None 1 1
1 4 32 4 2.400 2 None 1 1
0 4 5 31 2.400 2 None 1 1
1 4 5 31 2.400 2 None 1 1
1 31 5 4 2.400 2 None 1 1
0 31 4 5 2.400 2 None 1 1
1 31 4 5 2.400 2 None 1 1
0 5 4 31 2.400 2 None 1 1
1 4 31 5 2.400 2 None 1 1
0 4 6 30 2.400 2 None 1 1
1 4 6 30 2.400 2 None 1 1
1 30 6 4 2.400 2 None 1 1
0 30 4 6 2.400 2 None 1 1
1 30 4 6 2.400 2 None 1 1
0 6 4 30 2.400 2 None 1 1
1 4 30 6 2.400 2 None 1 1
0 4 7 29 2.400 2 None 1 1
1 4 7 29 2.400 2 None 1 1
1 29 7 4 2.400 2 None 1 1
0 29 4 7 2.400 2 None 1 1
0 7 4 29 2.400 2 None 1 1
1 4 29 7 2.400 2 None 1 1
0 4 8 28 2.400 2 None 1 1
1 4 8 28 2.400 2 None 1 1
1 28 8 4 2.400 2 None 1 1
0 28 4 8 2.400 2 None 1 1
1 28 4 8 2.400 2 None 1 1
0 8 4 28 2.400 2 None 1 1
1 4 28 8 2.400 2 None 1 1
0 4 9 27 2.400 2 None 1 1
1 4 9 27 2.400 2 None 1 1
0 27 4 9 2.400 2 None 1 1
1 27 4 9 2.400 2 None 1 1
0 9 4 27 2.400 2 None 1 1
1 4 27 9 2.400 2 None 1 1
0 4 10 26 2.400 2 None 1 1
1 4 10 26 2.400 2 None 1 1
0 26 4 10 2.400 2 None 1 1
0 10 4 26 2.400 2 None 1 1
1 4 26 10 2.400 2 None 1 1
0 4 11 25 2.400 2 None 1 1
1 4 11 25 2.400 2 None 1 1
0 25 4 11 2.400 2 None 1 1
0 11 4 25 2.400 2 None 1 1
1 4 25 11 2.400 2 None 1 1
0 4 12 24 2.400 2 None 1 1
1 4 12 24 2.400 2 None 1 1
0 24 4 12 2.400 2 None 1 1
0 12 4 24 2.400 2 None 1 1
1 4 24 12 2.400 2 None 1 1
0 4 13 23 2.400 2 None 1 1
1 4 13 23 2.400 2 None 1 1
0 23 4 13 2.400 2 None 1 1
0 13 4 23 2.400 2 None 1 1
1 4 23 13 2.400 2 None 1 1
0 4 14 22 2.400 2 None 1 1
1 4 14 22 2.400 2 None 1 1
0 22 4 14 2.400 2 None 1 1
0 14 4 22 2.400 2 None 1 1
1 4 22 14 2.400 2 None 1 1
0 4 15 21 2.400 2 None 1 1
1 4 15 21 2.400 2 None 1 1
0 21 4 15 2.400 2 None 1 1
0 15 4 21 2.400 2 None 1 1
1 4 21 15 2.400 2 None 1 1
0 4 16 20 2.400 2 None 1 1
1 4 16 20 2.400 2 None 1 1
0 20 4 16 2.400 2 None 1 1
0 16 4 20 2.400 2 None 1 1
1 4 20 16 2.400 2 None 1 1
0 4 17 19 2.400 2 None 1 1
1 4 17 19 2.400 2 None 1 1
0 19 4 17 2.400 2 None 1 1
0 17 4 19 2.400 2 None 1 1
1 4 19 17 2.400 2 None 1 1
0 4 18 18 2.400 2 4 1 1
1 4 18 18 2.400 2 None 1 1
0 18 4 18 2.400 2 None 1 1
18 2 37 1 2.500 2 None 2 1
18 1 37 2 2.500 2 None 2 1
17 1 37 2 2.500 2 None 2 1
2 4 35 1 2.500 2 None 2 1
2 34 5 1 2.500 2 None 2 1
1 5 34 1 2.500 2 None 1 1
2 33 6 1 2.500 2 None 2 1
1 30 9 1 2.500 2 None 1 1
1 29 10 1 2.500 2 None 1 1
3 1 22 17 2.500 2 None 2 1
2 2 4 34 2.500 2 None 2 1
1 5 33 2 2.500 2 None 1 1
1 27 11 2 2.500 2 None 1 1
1 26 12 2 2.500 2 None 1 1
12 12 26 2 2.500 2 2 None 0
1 25 13 2 2.500 2 None 1 1
2 2 14 24 2.500 2 None 2 1
3 2 21 17 2.500 2 None 2 1
2 2 21 17 2.500 2 None 2 1
1 5 3 32 2.500 2 None 1 1
1 5 32 3 2.500 2 None 1 1
1 30 7 3 2.500 2 None 1 1
1 30 3 7 2.500 2 None 1 1
1 27 3 10 2.500 2 None 1 1
1 25 12 3 2.500 2 None 1 1
1 24 13 3 2.500 2 None 1 1
1 23 14 3 2.500 2 None 1 1
2 3 20 17 2.500 2 None 1 1
1 5 4 31 2.500 2 None 1 1
1 5 31 4 2.500 2 None 1 1
1 29 4 7 2.500 2 None 1 1
1 26 10 4 2.500 2 None 1 1
1 25 11 4 2.500 2 None 1 1
1 25 4 11 2.500 2 None 1 1
1 24 12 4 2.500 2 None 1 1
1 24 4 12 2.500 2 None 1 1
2 4 19 17 2.500 2 4 2 1
0 5 5 30 2.500 2 None 1 1
1 5 5 30 2.500 2 None 1 1
1 30 5 5 2.500 2 None 1 1
0 30 5 5 2.500 2 None 1 1
1 5 30 5 2.500 2 None 1 1
0 5 6 29 2.500 2 None 1 1
1 5 6 29 2.500 2 None 1 1
1 29 6 5 2.500 2 None 1 1
0 29 5 6 2.500 2 None 1 1
1 29 5 6 2.500 2 None 1 1
0 6 5 29 2.500 2 None 1 1
1 5 29 6 2.500 2 None 1 1
0 5 7 28 2.500 2 None 1 1
1 5 7 28 2.500 2 None 1 1
1 28 7 5 2.500 2 None 1 1
0 28 5 7 2.500 2 None 1 1
1 28 5 7 2.500 2 None 1 1
0 7 5 28 2.500 2 None 1 1
1 5 28 7 2.500 2 None 1 1
0 5 8 27 2.500 2 None 1 1
1 5 8 27 2.500 2 None 1 1
1 27 8 5 2.500 2 None 1 1
0 27 5 8 2.500 2 None 1 1
1 27 5 8 2.500 2 None 1 1
0 8 5 27 2.500 2 None 1 1
1 5 27 8 2.500 2 None 1 1
0 5 9 26 2.500 2 None 1 1
1 5 9 26 2.500 2 None 1 1
0 26 5 9 2.500 2 None 1 1
0 9 5 26 2.500 2 None 1 1
1 5 26 9 2.500 2 None 1 1
0 5 10 25 2.500 2 None 1 1
1 5 10 25 2.500 2 None 1 1
1 25 10 5 2.500 2 None 1 1
0 25 5 10 2.500 2 None 1 1
1 25 5 10 2.500 2 None 1 1
0 10 5 25 2.500 2 None 1 1
1 5 25 10 2.500 2 None 1 1
0 5 11 24 2.500 2 None 1 1
1 5 11 24 2.500 2 None 1 1
0 24 5 11 2.500 2 None 1 1
1 24 5 11 2.500 2 None 1 1
0 11 5 24 2.500 2 None 1 1
1 5 24 11 2.500 2 None 1 1
0 5 12 23 2.500 2 None 1 1
1 5 12 23 2.500 2 None 1 1
0 23 5 12 2.500 2 None 1 1
1 23 5 12 2.500 2 None 1 1
0 12 5 23 2.500 2 None 1 1
1 5 23 12 2.500 2 None 1 1
0 5 13 22 2.500 2 None 1 1
1 5 13 22 2.500 2 None 1 1
0 22 5 13 2.500 2 None 1 1
0 13 5 22 2.500 2 None 1 1
1 5 22 13 2.500 2 None 1 1
0 5 14 21 2.500 2 None 1 1
1 5 14 21 2.500 2 None 1 1
0 21 5 14 2.500 2 None 1 1
0 14 5 21 2.500 2 None 1 1
1 5 21 14 2.500 2 None 1 1
0 5 15 20 2.500 2 None 1 1
1 5 15 20 2.500 2 None 1 1
0 20 5 15 2.500 2 None 1 1
0 15 5 20 2.500 2 None 1 1
1 5 20 15 2.500 2 None 1 1
0 5 16 19 2.500 2 None 1 1
1 5 16 19 2.500 2 None 1 1
0 19 5 16 2.500 2 None 1 1
0 16 5 19 2.500 2 None 1 1
1 5 19 16 2.500 2 None 1 1
0 5 17 18 2.500 2 None 1 1
1 5 17 18 2.500 2 None 1 1
0 18 5 17 2.500 2 None 1 1
0 17 5 18 2.500 2 None 1 1
1 5 18 17 2.500 2 5 1 1
