92 ((3, 0), ((1, 32),), ((1, 12), (2, 10)), ((1, 2), (2, 3), (4, 2), (8, 2)))
92 ((3, 0), ((2, 16),), ((1, 12), (2, 10)), ((1, 2), (2, 3), (4, 2), (8, 2)))
88 ((3, 0), ((1, 32),), ((1, 8), (2, 12)), ((1, 2), (2, 3), (4, 2), (8, 2)))
88 ((3, 0), ((2, 16),), ((1, 8), (2, 12)), ((1, 2), (2, 3), (4, 2), (8, 2)))
64 ((3, 0), ((4, 8),), ((1, 4), (2, 6), (4, 4)), ((1, 2), (2, 3), (4, 2), (8, 2)))
48 ((3, 0), ((1, 32),), ((1, 10), (2, 11)), ((1, 2), (2, 3), (4, 2), (8, 2)))
48 ((3, 0), ((2, 16),), ((1, 10), (2, 11)), ((1, 2), (2, 3), (4, 2), (8, 2)))
32 ((3, 0), ((1, 32),), ((1, 16), (2, 8)), ((1, 2), (2, 3), (4, 2), (8, 2)))
32 ((3, 0), ((2, 16),), ((1, 16), (2, 8)), ((1, 2), (2, 3), (4, 2), (8, 2)))
32 ((3, 0), ((4, 8),), ((1, 8), (2, 4), (4, 4)), ((1, 2), (2, 3), (4, 2), (8, 2)))
24 ((3, 0), ((1, 32),), ((2, 16),), ((1, 2), (2, 3), (4, 2), (8, 2)))
24 ((3, 0), ((2, 16),), ((2, 16),), ((1, 2), (2, 3), (4, 2), (8, 2)))
16 ((3, 0), ((1, 32),), ((1, 14), (2, 9)), ((1, 2), (2, 3), (4, 2), (8, 2)))
16 ((3, 0), ((2, 16),), ((1, 14), (2, 9)), ((1, 2), (2, 3), (4, 2), (8, 2)))
16 ((3, 0), ((4, 8),), ((1, 4), (2, 2), (4, 6)), ((1, 2), (2, 3), (4, 2), (8, 2)))
12 ((3, 0), ((1, 32),), ((1, 4), (2, 14)), ((1, 2), (2, 3), (4, 2), (8, 2)))
12 ((3, 0), ((2, 16),), ((1, 4), (2, 14)), ((1, 2), (2, 3), (4, 2), (8, 2)))
classes 736 affine data (multiplier, t mod 2) over all classes: [((3, 0), 736)]
max order of b, c, d: [4, 4, 8] min order of d: 8
exit 0
