L  |T|        spectral_bound   cost_bound      ratio cost/spectral   (numeric vs closed |T|rho_T)
 2         16  8.722882e-02   1.767767e-01       2.0266            (1.146410e+01 vs 1.146410e+01)
 3         52  3.474079e-02   6.933752e-02       1.9959            (2.878461e+01 vs 2.878461e+01)
 4        160  1.543576e-02   3.227486e-02       2.0909            (6.478461e+01 vs 6.478461e+01)
 5        484  7.271102e-03   1.607061e-02       2.2102            (1.375307e+02 vs 1.375307e+02)
 6       1456  3.552010e-03   8.287419e-03       2.3332            (2.815307e+02 vs 2.815307e+02)
 7       4372  1.778970e-03   4.365855e-03       2.4541            (5.621230e+02 vs 5.621230e+02)
 8      13120  9.073398e-04   2.333292e-03       2.5716            (1.102123e+03 vs 1.102123e+03)
 9      39364  4.692718e-04   1.260058e-03       2.6851            (2.130961e+03 vs 2.130961e+03)
10     118096  2.454011e-04   6.858769e-04       2.7949            (4.074961e+03 vs 4.074961e+03)
11     354292  1.294891e-04   3.756681e-04       2.9012            (7.722660e+03 vs 7.722660e+03)
12    1062880  6.883895e-05   2.067981e-04       3.0041            (1.452666e+04 vs 1.452666e+04)
13    3188644  3.682792e-05   1.143119e-04       3.1039            (2.715331e+04 vs 2.715331e+04)
14    9565936  1.980931e-05   6.340881e-05       3.2010            (5.048131e+04 vs 5.048131e+04)
15   28697812  1.070527e-05   3.527740e-05       3.2953            (nan vs 9.341192e+04)
16   86093440  5.809093e-06   1.967679e-05       3.3872            (nan vs 1.721439e+05)
17  258280324  3.163679e-06   1.099966e-05       3.4769            (nan vs 3.160877e+05)
18  774840976  1.728526e-06   6.161043e-06       3.5643            (nan vs 5.785277e+05)
19 2324522932  9.471355e-07   3.456860e-06       3.6498            (nan vs 1.055815e+06)
20 6973568800  5.203273e-07   1.942588e-06       3.7334            (nan vs 1.921867e+06)
