00000000 1
00000008 32
00000028 496
00000068 4960
000000e8 34720
000002e8 166656
00000660 1240
00000668 34720
000006e8 416640
00000ee0 17360
00000ee8 416640
000018e8 27776
00001ae8 277760
00001ee8 312480
00008ee8 26040
00009668 4960
000096e8 59520
000202e8 444416
000206e8 2222080
00020ee8 3333120
000218e8 444416
00021ae8 4444160
00021ee8 4999680
00028ee8 416640
000296e8 317440
000618e8 1666560
00061ae8 6666240
00061ee8 416640
000622e8 277760
000626e8 6666240
00062ee8 6666240
00063aa8 2222080
00063ae8 9999360
000666e8 1249920
0006aae8 555520
0006f660 13888
000e36a8 2666496
000e36e8 5332992
000e3cc8 416640
000e3ce8 1666560
001896e8 79360
001a2ee8 1666560
001e3ae8 166656
001e66e8 208320
003c3c00 155
003c8ee8 52080
003c96a8 27776
03566ac0 868
