Summary of computations for seam-surface-forces-neutral-relocation-in-self-bound-lemma (all exhaustive).
Run from this directory with python3 (and gcc -O2 -o chain2 chain2.c for run16.sh).

== python3 corner.py 8   (corner rule; per surface: admissible pairs, mismatches, lowering pairs)
   total 1720 pairs, 0 mismatches, 840 lowering
one123H8 (132, 0, 4)
one114H5 (28, 0, 28)
one235H4 (1032, 0, 504)
two (432, 0, 248)
two2 (96, 0, 56)

== python3 bandcheck.py   (per seam lengths and twist: pairs, lowering, max length, lowering lengths)
(1, 2, 3) 0 (40, 0, 7, [])
(1, 2, 3) 1 (40, 0, 7, [])
(1, 2, 3) 2 (40, 0, 7, [])
(1, 2, 3) 3 (40, 0, 7, [])
(1, 2, 3) 4 (40, 0, 7, [])
(1, 2, 3) 5 (40, 0, 7, [])
(1, 1, 4) 0 (4, 4, 1, [1])
(1, 1, 4) 1 (4, 4, 1, [1])
(1, 1, 4) 2 (4, 4, 1, [1])
(1, 1, 4) 3 (4, 4, 1, [1])
(1, 1, 4) 4 (4, 4, 1, [1])
(1, 1, 4) 5 (4, 4, 1, [1])
(2, 2, 2) 0 (156, 84, 6, [2, 4, 6])
(2, 2, 2) 1 (156, 84, 6, [2, 4, 6])
(2, 2, 2) 2 (156, 84, 6, [2, 4, 6])
(2, 2, 2) 3 (156, 84, 6, [2, 4, 6])
(2, 2, 2) 4 (156, 84, 6, [2, 4, 6])
(2, 2, 2) 5 (156, 84, 6, [2, 4, 6])
(1, 2, 4) 0 (28, 4, 8, [8])
(1, 2, 4) 1 (28, 4, 8, [8])
(1, 2, 4) 2 (28, 4, 8, [8])
(1, 2, 4) 3 (28, 4, 8, [8])
(1, 2, 4) 4 (28, 4, 8, [8])
(1, 2, 4) 5 (28, 4, 8, [8])
(1, 2, 4) 6 (28, 4, 8, [8])
(1, 3, 2) 0 (40, 0, 7, [])
(1, 3, 2) 1 (40, 0, 7, [])
(1, 3, 2) 2 (40, 0, 7, [])
(1, 3, 2) 3 (40, 0, 7, [])
(1, 3, 2) 4 (40, 0, 7, [])
(1, 3, 2) 5 (40, 0, 7, [])

== ./run16.sh 15   (edge-distinct single same-word swaps from two sectors of A on S(20,tw), length <= 15;
   'length 0 cost -1' means no lowering swap exists)
tw=0 excess 2 single-swap lowering length 0 cost -1
tw=1 excess 2 single-swap lowering length 0 cost -1
tw=2 excess 2 single-swap lowering length 0 cost -1
tw=3 excess 2 single-swap lowering length 0 cost -1
tw=4 excess 2 single-swap lowering length 0 cost -1
tw=5 excess 2 single-swap lowering length 0 cost -1

== python3 chain123.py 9   (Theorem 2 chains: H, tw, number of chains, sample)
2 0 12 [((2, 2), False, 2), ((2, 2), True, 2), ((3,), False, 2), ((3,), True, 2)]
2 1 12 [((2, 2), False, 2), ((2, 2), True, 2), ((3,), False, 2), ((3,), True, 2)]
2 2 8 [((2, 2), False, 2), ((3,), False, 2), ((3,), True, 2)]
2 3 12 [((2, 2), False, 2), ((2, 2), True, 2), ((3,), False, 2), ((3,), True, 2)]
2 4 12 [((2, 2), False, 2), ((2, 2), True, 2), ((3,), False, 2), ((3,), True, 2)]
2 5 8 [((2, 2), False, 2), ((3,), False, 2), ((3,), True, 2)]
3 0 8 [((2, 2), False, 2), ((3,), False, 2), ((3,), True, 2)]
3 1 8 [((2, 2), False, 2), ((3,), False, 2), ((3,), True, 2)]
3 2 8 [((2, 2), False, 2), ((3,), False, 2), ((3,), True, 2)]
3 3 8 [((2, 2), False, 2), ((3,), False, 2), ((3,), True, 2)]
3 4 8 [((2, 2), False, 2), ((3,), False, 2), ((3,), True, 2)]
3 5 8 [((2, 2), False, 2), ((3,), False, 2), ((3,), True, 2)]
4 0 8 [((2, 2), False, 2), ((3,), False, 2), ((3,), True, 2)]
4 1 8 [((2, 2), False, 2), ((3,), False, 2), ((3,), True, 2)]
4 2 8 [((2, 2), False, 2), ((3,), False, 2), ((3,), True, 2)]
4 3 8 [((2, 2), False, 2), ((3,), False, 2), ((3,), True, 2)]
4 4 8 [((2, 2), False, 2), ((3,), False, 2), ((3,), True, 2)]
4 5 8 [((2, 2), False, 2), ((3,), False, 2), ((3,), True, 2)]
5 0 8 [((2, 2), False, 2), ((3,), False, 2), ((3,), True, 2)]
5 1 8 [((2, 2), False, 2), ((3,), False, 2), ((3,), True, 2)]
5 2 8 [((2, 2), False, 2), ((3,), False, 2), ((3,), True, 2)]
5 3 8 [((2, 2), False, 2), ((3,), False, 2), ((3,), True, 2)]
5 4 8 [((2, 2), False, 2), ((3,), False, 2), ((3,), True, 2)]
5 5 8 [((2, 2), False, 2), ((3,), False, 2), ((3,), True, 2)]
6 0 8 [((2, 2), False, 2), ((3,), False, 2), ((3,), True, 2)]
6 1 8 [((2, 2), False, 2), ((3,), False, 2), ((3,), True, 2)]
6 2 8 [((2, 2), False, 2), ((3,), False, 2), ((3,), True, 2)]
6 3 8 [((2, 2), False, 2), ((3,), False, 2), ((3,), True, 2)]
6 4 8 [((2, 2), False, 2), ((3,), False, 2), ((3,), True, 2)]
6 5 8 [((2, 2), False, 2), ((3,), False, 2), ((3,), True, 2)]
7 0 8 [((2, 2), False, 2), ((3,), False, 2), ((3,), True, 2)]
7 1 8 [((2, 2), False, 2), ((3,), False, 2), ((3,), True, 2)]
7 2 8 [((2, 2), False, 2), ((3,), False, 2), ((3,), True, 2)]
7 3 8 [((2, 2), False, 2), ((3,), False, 2), ((3,), True, 2)]
7 4 8 [((2, 2), False, 2), ((3,), False, 2), ((3,), True, 2)]
7 5 8 [((2, 2), False, 2), ((3,), False, 2), ((3,), True, 2)]
8 0 8 [((2, 2), False, 2), ((3,), False, 2), ((3,), True, 2)]
8 1 8 [((2, 2), False, 2), ((3,), False, 2), ((3,), True, 2)]
8 2 8 [((2, 2), False, 2), ((3,), False, 2), ((3,), True, 2)]
8 3 8 [((2, 2), False, 2), ((3,), False, 2), ((3,), True, 2)]
8 4 8 [((2, 2), False, 2), ((3,), False, 2), ((3,), True, 2)]
8 5 8 [((2, 2), False, 2), ((3,), False, 2), ((3,), True, 2)]
9 0 8 [((2, 2), False, 2), ((3,), False, 2), ((3,), True, 2)]
9 1 8 [((2, 2), False, 2), ((3,), False, 2), ((3,), True, 2)]
9 2 8 [((2, 2), False, 2), ((3,), False, 2), ((3,), True, 2)]
9 3 8 [((2, 2), False, 2), ((3,), False, 2), ((3,), True, 2)]
9 4 8 [((2, 2), False, 2), ((3,), False, 2), ((3,), True, 2)]
9 5 8 [((2, 2), False, 2), ((3,), False, 2), ((3,), True, 2)]

== python3 rescue2.py 3 5 7   (chains fix b, change only top-row c; H, tw, seam, chains, all-ok, sample)
3 0 (5, 3, 4, 0, 1, 2) 8 True [((3, 5, 4, 0, 1, 2), (3, 4, 5, 0, 1, 2)), ((4, 3, 5, 0, 1, 2), (3, 4, 5, 0, 1, 2)), ((5, 4, 3, 0, 1, 2), (3, 4, 5, 0, 1, 2))]
3 1 (0, 4, 5, 1, 2, 3) 8 True [((0, 5, 4, 1, 2, 3), (4, 5, 0, 1, 2, 3)), ((4, 0, 5, 1, 2, 3), (4, 5, 0, 1, 2, 3)), ((5, 4, 0, 1, 2, 3), (4, 5, 0, 1, 2, 3))]
3 2 (1, 5, 0, 2, 3, 4) 8 True [((0, 5, 1, 2, 3, 4), (5, 0, 1, 2, 3, 4)), ((1, 0, 5, 2, 3, 4), (5, 0, 1, 2, 3, 4)), ((5, 1, 0, 2, 3, 4), (5, 0, 1, 2, 3, 4))]
3 3 (2, 0, 1, 3, 4, 5) 8 True [((0, 2, 1, 3, 4, 5), (0, 1, 2, 3, 4, 5)), ((1, 0, 2, 3, 4, 5), (0, 1, 2, 3, 4, 5)), ((2, 1, 0, 3, 4, 5), (0, 1, 2, 3, 4, 5))]
3 4 (3, 1, 2, 4, 5, 0) 8 True [((1, 3, 2, 4, 5, 0), (1, 2, 3, 4, 5, 0)), ((2, 1, 3, 4, 5, 0), (1, 2, 3, 4, 5, 0)), ((3, 2, 1, 4, 5, 0), (1, 2, 3, 4, 5, 0))]
3 5 (4, 2, 3, 5, 0, 1) 8 True [((2, 4, 3, 5, 0, 1), (2, 3, 4, 5, 0, 1)), ((3, 2, 4, 5, 0, 1), (2, 3, 4, 5, 0, 1)), ((4, 3, 2, 5, 0, 1), (2, 3, 4, 5, 0, 1))]
5 0 (5, 3, 4, 0, 1, 2) 8 True [((3, 5, 4, 0, 1, 2), (3, 4, 5, 0, 1, 2)), ((4, 3, 5, 0, 1, 2), (3, 4, 5, 0, 1, 2)), ((5, 4, 3, 0, 1, 2), (3, 4, 5, 0, 1, 2))]
5 1 (0, 4, 5, 1, 2, 3) 8 True [((0, 5, 4, 1, 2, 3), (4, 5, 0, 1, 2, 3)), ((4, 0, 5, 1, 2, 3), (4, 5, 0, 1, 2, 3)), ((5, 4, 0, 1, 2, 3), (4, 5, 0, 1, 2, 3))]
5 2 (1, 5, 0, 2, 3, 4) 8 True [((0, 5, 1, 2, 3, 4), (5, 0, 1, 2, 3, 4)), ((1, 0, 5, 2, 3, 4), (5, 0, 1, 2, 3, 4)), ((5, 1, 0, 2, 3, 4), (5, 0, 1, 2, 3, 4))]
5 3 (2, 0, 1, 3, 4, 5) 8 True [((0, 2, 1, 3, 4, 5), (0, 1, 2, 3, 4, 5)), ((1, 0, 2, 3, 4, 5), (0, 1, 2, 3, 4, 5)), ((2, 1, 0, 3, 4, 5), (0, 1, 2, 3, 4, 5))]
5 4 (3, 1, 2, 4, 5, 0) 8 True [((1, 3, 2, 4, 5, 0), (1, 2, 3, 4, 5, 0)), ((2, 1, 3, 4, 5, 0), (1, 2, 3, 4, 5, 0)), ((3, 2, 1, 4, 5, 0), (1, 2, 3, 4, 5, 0))]
5 5 (4, 2, 3, 5, 0, 1) 8 True [((2, 4, 3, 5, 0, 1), (2, 3, 4, 5, 0, 1)), ((3, 2, 4, 5, 0, 1), (2, 3, 4, 5, 0, 1)), ((4, 3, 2, 5, 0, 1), (2, 3, 4, 5, 0, 1))]
7 0 (5, 3, 4, 0, 1, 2) 8 True [((3, 5, 4, 0, 1, 2), (3, 4, 5, 0, 1, 2)), ((4, 3, 5, 0, 1, 2), (3, 4, 5, 0, 1, 2)), ((5, 4, 3, 0, 1, 2), (3, 4, 5, 0, 1, 2))]
7 1 (0, 4, 5, 1, 2, 3) 8 True [((0, 5, 4, 1, 2, 3), (4, 5, 0, 1, 2, 3)), ((4, 0, 5, 1, 2, 3), (4, 5, 0, 1, 2, 3)), ((5, 4, 0, 1, 2, 3), (4, 5, 0, 1, 2, 3))]
7 2 (1, 5, 0, 2, 3, 4) 8 True [((0, 5, 1, 2, 3, 4), (5, 0, 1, 2, 3, 4)), ((1, 0, 5, 2, 3, 4), (5, 0, 1, 2, 3, 4)), ((5, 1, 0, 2, 3, 4), (5, 0, 1, 2, 3, 4))]
7 3 (2, 0, 1, 3, 4, 5) 8 True [((0, 2, 1, 3, 4, 5), (0, 1, 2, 3, 4, 5)), ((1, 0, 2, 3, 4, 5), (0, 1, 2, 3, 4, 5)), ((2, 1, 0, 3, 4, 5), (0, 1, 2, 3, 4, 5))]
7 4 (3, 1, 2, 4, 5, 0) 8 True [((1, 3, 2, 4, 5, 0), (1, 2, 3, 4, 5, 0)), ((2, 1, 3, 4, 5, 0), (1, 2, 3, 4, 5, 0)), ((3, 2, 1, 4, 5, 0), (1, 2, 3, 4, 5, 0))]
7 5 (4, 2, 3, 5, 0, 1) 8 True [((2, 4, 3, 5, 0, 1), (2, 3, 4, 5, 0, 1)), ((3, 2, 4, 5, 0, 1), (2, 3, 4, 5, 0, 1)), ((4, 3, 2, 5, 0, 1), (2, 3, 4, 5, 0, 1))]

== python3 seamrepair.py   (Proposition 3: n, (permutations checked, worst d(sigma)/lower bound for rho); all asserts pass, worst < 4)
2 (2, 0.0)
3 (6, 0.6666666666666666)
4 (24, 0.625)
5 (120, 0.8999999999999999)
6 (720, 1.0)
7 (5040, 1.1428571428571428)

== python3 scanchain.py 16 1 3   (H(2) census: surfaces with <= 16 squares; histogram of least total chain length)
10859 surfaces, every one lowered by a neutral swap then a slit pair with a 1x1 donor
hist [(1, 3492), (2, 5269), (3, 1956), (4, 142)]
== python3 scanchain.py 12 1 3
3249 surfaces; hist [(1, 1416), (2, 1623), (3, 210)]
