p d distb distc rho_scan(s,t<=12) argmax gcd_b_cycles gcd_c_cycles keep_b keep_c bound_4p+2
2 13 1 1 1.6 (1, 4) 1 1 10 10 10
3 25 1 1 1.75 (2, 6) 1 1 14 14 14
4 41 1 1 1.818 (3, 8) 1 1 18 18 18
5 61 1 1 1.857 (4, 10) 1 1 22 22 22
6 85 1 1 1.882 (5, 12) 1 1 26 26 26
7 113 1 1 1.889 (6, 12) 1 1 30 30 30
8 145 1 1 1.895 (7, 12) 1 1 34 34 34
9 181 1 1 1.9 (8, 12) 1 1 38 38 38
10 221 1 1 nan None 1 1 42 42 42
11 265 1 1 nan None 1 1 46 46 46
12 313 1 1 nan None 1 1 50 50 50
13 365 1 1 nan None 1 1 54 54 54
14 421 1 1 nan None 1 1 58 58 58
15 481 1 1 nan None 1 1 62 62 62
all assertions passed
