U r=57: 18,11,8,6,5,4,3,2 17,12,9,8,4,3,2,2 17,12,7,6,5,4,3,3 17,11,10,8,4,4,2,1 17,11,8,7,5,4,3,2 16,13,9,7,5,4,2,1 16,13,8,7,5,4,2,2 16,13,7,6,5,4,4,2 16,12,9,8,5,3,2,2 16,12,9,7,6,4,2,1 16,12,7,6,5,5,3,3 16,11,8,7,6,4,3,2 16,10,9,8,5,4,3,2 16,9,8,6,6,5,4,3 15,14,9,6,5,4,2,2 15,14,8,7,5,3,3,2 15,14,8,6,5,4,3,2 15,14,7,6,5,4,4,2 15,13,10,6,6,4,2,1 15,13,9,7,5,4,3,1 15,13,8,7,5,4,3,2 15,13,8,6,6,4,4,1 15,13,7,6,5,4,4,3 15,12,10,7,7,3,2,1 15,12,10,7,6,4,2,1 15,12,9,8,5,4,2,2 15,12,7,6,5,5,4,3 15,11,10,8,6,4,2,1 15,11,10,8,6,3,2,2 15,11,10,7,7,3,2,2 15,11,9,8,5,4,3,2 15,11,8,7,6,5,3,2 15,10,9,8,5,4,3,3 15,10,9,7,7,4,3,2 15,9,7,7,6,5,4,4 14,13,9,7,5,4,3,2 14,12,9,8,5,4,3,2 14,12,9,7,6,4,4,1 14,12,9,7,6,4,3,2 14,11,10,8,7,3,2,2 14,11,10,8,5,4,3,2 14,11,8,7,6,5,4,2 14,11,8,7,5,5,4,3 14,10,9,8,7,4,3,2 13,12,11,6,5,4,3,3 13,12,9,8,7,4,2,2 13,12,9,8,6,4,3,2 13,12,9,7,6,4,4,2 13,11,10,8,6,5,3,1 13,11,10,8,6,4,4,1 13,11,10,8,6,4,3,2 13,11,10,8,5,4,4,2 13,11,9,8,7,5,3,1 13,11,9,8,6,5,3,2 13,11,9,7,7,5,4,1 13,11,9,6,6,5,4,3 13,11,8,7,6,5,4,3 13,10,9,7,7,5,4,2 13,10,9,7,6,5,5,2 13,10,8,7,6,5,4,4 13,9,8,8,7,6,3,3 13,9,8,8,6,6,4,3 13,9,8,7,6,6,4,4 12,11,10,8,6,5,3,2 12,11,10,7,6,5,3,3 12,11,9,8,7,5,3,2 12,11,9,7,7,6,3,2 12,11,8,8,7,6,3,2 12,10,9,8,7,5,5,1 12,10,9,8,6,5,5,2 12,10,9,8,6,5,4,3 12,10,9,7,7,6,4,2 12,10,8,8,7,6,3,3 11,10,9,9,7,4,4,3 11,10,9,8,7,5,5,2 11,10,9,8,7,5,4,3 11,9,9,8,7,5,5,3 11,9,8,7,7,6,5,4 10,9,9,7,7,6,5,4
exit=0 r=57
U r=55: 18,10,7,6,5,4,3,2 17,11,9,7,4,4,2,1 17,11,7,5,5,4,3,3 17,10,8,6,5,4,3,2 16,12,9,7,5,3,2,1 16,12,8,7,5,3,2,2 16,12,7,6,5,4,3,2 16,11,9,8,4,3,2,2 16,11,7,6,5,4,3,3 16,10,8,7,5,4,3,2 16,8,7,6,6,5,4,3 15,13,9,6,5,4,2,1 15,13,8,7,5,3,3,1 15,13,8,7,4,3,3,2 15,13,8,6,5,4,3,1 15,13,7,6,5,4,4,1 15,13,7,6,5,4,3,2 15,12,9,7,5,4,2,1 15,12,8,7,5,4,2,2 15,12,7,6,5,4,4,2 15,11,10,7,6,3,2,1 15,11,9,8,5,4,2,1 15,11,9,8,5,3,2,2 15,11,9,7,6,4,2,1 15,11,7,6,5,5,3,3 15,10,9,8,4,4,3,2 15,10,8,7,6,4,3,2 15,8,7,6,6,5,4,4 14,13,9,6,5,4,2,2 14,13,8,7,5,3,3,2 14,13,8,6,5,4,3,2 14,13,7,6,5,4,4,2 14,12,9,7,5,4,3,1 14,12,8,7,5,4,3,2 14,12,7,6,5,4,4,3 14,11,10,7,6,3,2,2 14,11,9,8,5,4,2,2 14,11,9,8,4,4,3,2 14,11,7,6,5,5,4,3 14,10,9,7,6,4,3,2 14,10,8,7,6,5,3,2 13,12,11,5,5,4,3,2 13,12,10,6,5,4,3,2 13,12,9,7,5,4,3,2 13,12,9,6,5,5,3,2 13,12,8,7,7,3,3,2 13,11,10,7,7,3,2,2 13,11,10,7,5,4,3,2 13,11,10,6,6,4,3,2 13,11,9,8,7,4,2,1 13,11,9,8,6,4,3,1 13,11,9,8,5,4,3,2 13,11,9,7,6,4,4,1 13,11,9,7,5,4,3,3 13,11,8,6,6,4,4,3 13,11,7,7,5,5,4,3 13,10,9,8,6,5,2,2 13,10,9,8,6,4,3,2 13,10,9,8,5,4,3,3 13,10,9,6,6,5,4,2 13,10,8,7,6,5,4,2 13,10,8,6,6,5,4,3 13,10,7,7,5,5,4,4 13,9,8,7,7,5,3,3 13,9,8,7,6,5,4,3 13,9,7,7,6,5,4,4 12,11,10,7,6,5,2,2 12,11,10,7,6,4,3,2 12,11,10,7,5,4,3,3 12,11,9,8,7,4,2,2 12,11,9,8,6,5,3,1 12,11,9,8,6,5,2,2 12,11,9,8,6,4,3,2 12,11,9,7,7,5,3,1 12,11,9,7,6,5,3,2 12,11,9,7,6,4,4,2 12,11,8,8,7,5,2,2 12,11,8,7,7,5,3,2 12,11,8,7,6,5,4,2 12,10,9,8,6,5,3,2 12,10,9,7,7,5,4,1 12,10,9,7,6,5,4,2 12,10,8,8,6,5,5,1 12,10,8,7,7,6,3,2 12,10,8,7,6,5,4,3 12,9,8,8,6,5,5,2 12,9,8,7,6,5,5,3 11,10,9,8,7,4,4,2 11,10,9,8,6,5,4,2 11,10,9,8,6,4,4,3 11,10,9,7,6,5,4,3 11,10,8,8,7,5,5,1 11,10,8,8,7,5,4,2 11,9,8,8,7,5,5,2 11,9,8,7,7,5,5,3 11,9,8,7,6,6,4,4 11,8,8,7,6,6,5,4 10,9,8,7,7,6,5,3 10,9,8,7,7,5,5,4 10,9,8,7,6,6,5,4
exit=0 r=55
U r=53: 17,10,9,6,4,4,2,1 17,10,6,5,5,4,3,3 17,9,7,6,5,4,3,2 16,11,9,7,4,3,2,1 16,11,8,7,4,3,2,2 16,11,7,6,4,4,3,2 16,10,9,7,4,4,2,1 16,10,7,5,5,4,3,3 16,9,8,6,5,4,3,2 15,12,8,7,5,3,2,1 15,12,8,7,4,3,2,2 15,12,8,6,5,4,2,1 15,12,7,6,5,4,2,2 15,11,10,6,6,2,2,1 15,11,9,7,5,3,2,1 15,11,8,7,5,3,2,2 15,11,8,6,6,4,2,1 15,11,7,6,5,4,3,2 15,10,9,8,4,4,2,1 15,10,9,8,4,3,2,2 15,10,7,6,5,4,3,3 15,9,8,7,5,4,3,2 14,13,9,5,5,3,2,2 14,13,8,6,5,3,3,1 14,13,8,6,4,3,3,2 14,13,8,5,5,4,2,2 14,13,7,6,5,3,3,2 14,13,7,5,5,4,3,2 14,12,9,6,5,4,2,1 14,12,8,7,5,3,3,1 14,12,8,7,4,3,3,2 14,12,8,6,5,4,3,1 14,12,7,6,5,4,4,1 14,12,7,6,5,4,3,2 14,11,10,6,6,3,2,1 14,11,9,7,6,3,2,1 14,11,9,7,5,4,2,1 14,11,9,6,6,4,2,1 14,11,8,7,5,4,2,2 14,11,7,6,5,4,4,2 14,10,9,8,5,3,2,2 14,10,9,8,4,3,3,2 14,10,9,7,6,4,2,1 14,10,9,7,6,3,2,2 14,10,8,7,5,4,3,2 14,10,7,6,6,5,3,2 14,10,7,6,5,5,3,3 14,9,8,7,6,4,3,2 14,9,8,7,5,4,3,3 13,12,9,6,5,4,2,2 13,12,8,7,5,3,3,2 13,12,8,6,5,4,3,2 13,12,7,6,5,4,4,2 13,11,10,6,6,4,2,1 13,11,10,6,6,3,2,2 13,11,9,7,7,3,2,1 13,11,9,7,5,4,3,1 13,11,9,7,5,3,3,2 13,11,8,7,5,4,3,2 13,11,8,6,6,4,3,2 13,11,7,6,5,4,4,3 13,10,9,8,6,4,2,1 13,10,9,8,6,3,2,2 13,10,9,8,5,4,2,2 13,10,9,7,7,3,2,2 13,10,9,7,5,4,3,2 13,10,7,6,5,5,4,3 13,9,8,7,7,4,3,2 13,9,8,7,6,5,3,2 13,9,7,7,5,5,4,3 12,11,10,5,5,4,3,3 12,11,9,7,7,4,2,1 12,11,9,7,6,4,3,1 12,11,9,7,5,4,3,2 12,11,8,7,7,4,2,2 12,11,8,7,6,4,3,2 12,10,9,8,6,4,3,1 12,10,9,8,5,4,3,2 12,10,9,7,6,5,3,1 12,10,9,7,6,4,4,1 12,10,9,7,6,4,3,2 12,10,9,7,5,4,4,2 12,10,8,7,7,5,3,1 12,10,8,7,6,5,4,1 12,10,8,7,6,5,3,2 12,10,8,6,5,5,4,3 12,9,8,7,6,5,4,2 12,9,7,7,6,5,4,3 11,10,9,8,7,3,3,2 11,10,9,8,6,4,4,1 11,10,9,8,6,4,3,2 11,10,9,8,5,4,4,2 11,10,9,8,5,4,3,3 11,10,9,7,6,5,3,2 11,10,9,7,6,4,4,2 11,10,9,7,5,5,3,3 11,10,8,8,6,5,4,1 11,10,8,7,7,5,3,2 11,10,8,7,6,6,3,2 11,10,8,7,6,5,4,2 11,9,8,8,6,5,5,1 11,9,8,8,6,5,4,2 11,9,8,7,6,6,4,2 11,9,8,7,6,5,5,2 11,9,8,7,6,5,4,3 11,8,8,7,6,6,4,3 10,9,8,7,7,5,4,3 10,9,8,7,6,6,5,2 10,9,8,7,6,5,5,3 10,8,8,7,6,5,5,4
exit=0 r=53
U r=51: 17,9,9,5,4,3,2,2 16,10,7,5,4,4,3,2 16,9,9,6,4,4,2,1 16,9,6,5,5,4,3,3 16,8,7,6,5,4,3,2 15,11,9,6,5,2,2,1 15,11,8,7,3,3,2,2 15,11,8,6,5,3,2,1 15,11,7,6,5,4,2,1 15,11,7,6,5,3,2,2 15,10,9,7,4,3,2,1 15,10,8,7,4,3,2,2 15,10,7,6,4,4,3,2 15,9,9,7,4,4,2,1 15,9,7,5,5,4,3,3 15,8,8,6,5,4,3,2 14,12,9,5,5,3,2,1 14,12,8,6,4,3,3,1 14,12,8,5,5,4,2,1 14,12,7,6,5,3,3,1 14,12,7,6,4,3,3,2 14,12,7,5,5,4,3,1 14,12,6,5,5,4,3,2 14,12,6,5,4,4,3,3 14,11,9,6,6,3,1,1 14,11,8,7,5,3,2,1 14,11,8,7,4,3,2,2 14,11,8,6,5,4,2,1 14,11,7,6,5,4,2,2 14,10,9,7,5,3,2,1 14,10,9,6,6,3,2,1 14,10,8,7,5,4,2,1 14,10,8,7,5,3,2,2 14,10,7,6,5,4,3,2 14,9,9,8,4,3,2,2 14,9,8,7,4,4,3,2 14,9,7,6,6,4,3,2 14,9,7,6,5,4,3,3 14,8,8,7,5,4,3,2 13,12,9,5,5,3,2,2 13,12,8,6,5,3,3,1 13,12,8,6,4,3,3,2 13,12,8,5,5,4,2,2 13,12,7,6,5,3,3,2 13,12,7,5,5,4,3,2 13,11,9,6,6,3,2,1 13,11,9,6,5,4,2,1 13,11,8,7,5,3,3,1 13,11,8,7,4,3,3,2 13,11,8,6,5,4,3,1 13,11,7,6,5,4,4,1 13,11,7,6,5,4,3,2 13,10,9,7,5,4,2,1 13,10,9,7,5,3,2,2 13,10,9,6,6,3,2,2 13,10,8,7,5,4,2,2 13,10,8,7,4,4,3,2 13,10,7,6,5,4,4,2 13,9,9,8,5,3,2,2 13,9,9,7,6,4,2,1 13,9,8,6,6,4,3,2 13,9,7,6,5,5,3,3 13,9,6,6,5,5,4,3 13,8,8,7,6,4,3,2 12,11,10,5,4,4,3,2 12,11,9,6,5,4,2,2 12,11,9,6,4,4,3,2 12,11,9,5,5,4,3,2 12,11,8,7,6,3,2,2 12,11,8,7,5,3,3,2 12,11,8,6,5,4,3,2 12,11,7,7,6,3,3,2 12,11,7,6,5,4,4,2 12,10,9,7,7,3,2,1 12,10,9,7,6,3,2,2 12,10,9,7,5,4,3,1 12,10,9,7,4,4,3,2 12,10,9,6,5,4,3,2 12,10,8,7,7,4,2,1 12,10,8,7,6,4,3,1 12,10,8,7,5,4,3,2 12,10,8,6,5,4,3,3 12,10,7,6,5,4,4,3 12,9,9,8,5,4,2,2 12,9,8,7,6,5,2,2 12,9,8,7,6,4,3,2 12,9,8,7,5,4,3,3 12,9,8,6,5,5,4,2 12,9,7,6,5,5,4,3 12,8,8,7,6,5,3,2 12,8,7,7,6,5,3,3 11,10,9,7,6,4,3,1 11,10,9,7,5,4,3,2 11,10,9,6,6,5,2,2 11,10,9,6,6,4,3,2 11,10,9,6,5,4,3,3 11,10,8,7,7,4,2,2 11,10,8,7,6,5,3,1 11,10,8,7,6,5,2,2 11,10,8,7,6,4,3,2 11,10,8,6,6,5,3,2 11,10,7,7,6,5,3,2 11,9,9,8,5,4,3,2 11,9,9,7,6,4,4,1 11,9,8,7,6,5,4,1 11,9,8,7,6,5,3,2 11,9,8,7,5,5,4,2 11,9,8,6,6,5,4,2 11,9,7,7,6,6,3,2 11,9,7,7,6,5,3,3 11,8,8,7,6,5,4,2 11,8,7,7,6,6,3,3 10,9,9,7,6,4,4,2 10,9,8,8,7,3,3,3 10,9,8,8,6,4,3,3 10,9,8,7,7,4,4,2 10,9,8,7,6,5,4,2 10,9,8,7,6,5,3,3 10,9,8,7,6,4,4,3 10,9,8,6,6,5,4,3 10,8,8,7,6,5,4,3 9,9,8,7,7,4,4,3 9,9,8,7,6,5,5,2 9,8,8,7,6,5,5,3 9,8,8,6,6,5,5,4
exit=0 r=51
U r=49: 17,8,8,5,4,3,2,2 17,8,7,6,4,4,2,1 16,9,9,5,4,3,2,1 16,9,8,5,4,3,2,2 16,9,6,5,4,4,3,2 15,10,9,6,4,2,2,1 15,10,8,7,3,3,2,1 15,10,8,6,4,3,2,1 15,10,7,6,4,4,2,1 15,10,7,6,4,3,2,2 15,9,8,6,4,4,2,1 15,9,7,5,4,4,3,2 15,8,6,5,5,4,3,3 15,7,7,6,5,4,3,2 14,11,9,5,5,2,2,1 14,11,8,6,5,3,1,1 14,11,8,6,4,3,2,1 14,11,7,6,5,3,2,1 14,11,7,6,4,3,2,2 14,11,7,5,5,4,2,1 14,11,6,5,5,4,2,2 14,11,6,5,4,4,3,2 14,11,5,5,4,4,3,3 14,10,9,6,5,2,2,1 14,10,8,7,3,3,2,2 14,10,8,6,5,3,2,1 14,10,7,6,5,4,2,1 14,10,7,6,5,3,2,2 14,9,9,7,4,3,2,1 14,9,8,7,4,4,2,1 14,9,8,7,4,3,2,2 14,9,7,6,4,4,3,2 14,8,7,6,5,4,3,2 14,8,7,5,5,4,3,3 13,12,9,4,4,3,2,2 13,12,8,5,5,3,2,1 13,12,8,5,4,3,2,2 13,12,7,6,5,2,2,2 13,12,7,6,4,3,3,1 13,12,7,6,4,3,2,2 13,12,7,5,5,3,3,1 13,12,7,5,4,4,2,2 13,12,7,5,4,3,3,2 13,12,6,5,5,3,3,2 13,12,6,5,4,4,3,2 13,11,10,4,4,4,2,1 13,11,9,5,5,3,2,1 13,11,8,6,6,2,2,1 13,11,8,6,4,4,2,1 13,11,8,6,4,3,3,1 13,11,8,5,5,4,2,1 13,11,7,6,5,3,3,1 13,11,7,6,4,3,3,2 13,11,7,5,5,4,3,1 13,11,6,6,4,4,4,1 13,11,6,5,5,4,3,2 13,11,6,5,4,4,3,3 13,10,9,6,6,3,1,1 13,10,9,6,6,2,2,1 13,10,9,6,5,3,2,1 13,10,8,7,5,3,2,1 13,10,8,7,4,4,2,1 13,10,8,7,4,3,2,2 13,10,8,6,6,3,2,1 13,10,8,6,5,4,2,1 13,10,7,6,5,4,2,2 13,9,9,7,5,3,2,1 13,9,8,8,4,3,2,2 13,9,8,7,5,3,2,2 13,9,8,7,4,3,3,2 13,9,8,6,6,4,2,1 13,9,8,6,6,3,2,2 13,9,7,6,5,4,3,2 13,9,6,6,5,5,3,2 13,8,7,7,5,4,3,2 13,8,7,6,5,4,3,3 13,8,6,6,5,4,4,3 13,7,6,6,5,4,4,4 12,11,9,5,5,4,2,1 12,11,9,5,5,3,2,2 12,11,8,6,5,3,3,1 12,11,8,6,4,3,3,2 12,11,8,5,5,4,2,2 12,11,7,6,5,3,3,2 12,11,7,5,5,4,3,2 12,10,9,6,5,4,2,1 12,10,9,6,5,3,2,2 12,10,8,7,6,3,2,1 12,10,8,7,5,3,3,1 12,10,8,7,4,3,3,2 12,10,8,6,5,4,3,1 12,10,8,6,5,3,3,2 12,10,7,6,5,4,4,1 12,10,7,6,5,4,3,2 12,9,9,7,5,4,2,1 12,9,8,8,5,3,2,2 12,9,8,7,6,4,2,1 12,9,8,7,6,3,2,2 12,9,8,7,5,4,2,2 12,9,8,6,5,4,3,2 12,9,7,6,5,4,4,2 12,8,7,7,6,4,3,2 12,8,7,6,5,5,3,3 11,10,9,6,6,4,2,1 11,10,9,6,6,3,2,2 11,10,9,6,5,4,2,2 11,10,9,5,4,4,3,3 11,10,8,7,6,4,2,1 11,10,8,7,6,3,2,2 11,10,8,7,5,4,3,1 11,10,8,7,5,4,2,2 11,10,8,7,5,3,3,2 11,10,8,6,6,4,3,1 11,10,8,6,5,4,3,2 11,10,7,7,6,4,2,2 11,10,7,6,6,4,3,2 11,10,7,6,5,4,4,2 11,9,9,7,5,4,3,1 11,9,8,8,5,4,2,2 11,9,8,7,6,4,3,1 11,9,8,7,5,4,3,2 11,9,8,6,6,5,3,1 11,9,8,6,6,4,4,1 11,9,8,6,6,4,3,2 11,9,8,6,5,4,4,2 11,9,7,7,6,5,3,1 11,9,7,7,5,5,4,1 11,9,7,6,6,5,3,2 11,9,7,6,5,4,4,3 11,8,7,7,6,5,3,2 11,8,7,7,5,5,4,2 11,8,7,7,5,5,3,3 11,8,7,6,5,5,4,3 11,7,7,6,5,5,4,4 10,9,9,7,5,4,3,2 10,9,8,8,5,4,3,2 10,9,8,7,7,3,3,2 10,9,8,7,6,4,4,1 10,9,8,7,6,4,3,2 10,9,8,7,5,4,4,2 10,9,8,7,5,4,3,3 10,9,8,6,6,5,3,2 10,9,8,6,5,4,4,3 10,9,7,7,6,5,4,1 10,9,7,7,6,5,3,2 10,9,7,7,6,4,4,2 10,8,7,7,6,5,4,2 10,8,7,6,6,5,4,3 9,9,8,7,6,4,4,2 9,9,7,7,6,5,5,1 9,8,8,6,6,5,4,3 9,8,7,7,6,5,5,2 9,8,7,7,6,5,4,3 9,8,7,6,6,5,5,3 9,8,7,6,6,5,4,4
exit=0 r=49
U r=47: 16,8,7,5,4,3,2,2 16,7,7,6,4,4,2,1 15,9,9,5,4,2,2,1 15,9,8,5,4,3,2,1 15,9,7,5,4,4,2,1 15,9,7,5,4,3,2,2 15,8,8,5,4,3,2,2 15,8,6,5,4,4,3,2 14,10,8,6,3,3,2,1 14,10,8,5,5,2,2,1 14,10,7,6,3,3,2,2 14,10,7,5,5,3,2,1 14,10,6,5,5,3,2,2 14,10,6,5,4,3,3,2 14,10,5,5,4,3,3,3 14,9,9,6,4,2,2,1 14,9,8,7,3,3,2,1 14,9,8,6,4,3,2,1 14,9,7,6,4,4,2,1 14,9,7,6,4,3,2,2 14,8,7,5,4,4,3,2 14,7,6,6,5,4,3,2 14,7,6,5,5,4,3,3 13,11,9,4,4,3,2,1 13,11,8,5,5,3,1,1 13,11,8,5,4,3,2,1 13,11,7,6,5,2,2,1 13,11,7,6,4,3,2,1 13,11,7,6,3,3,2,2 13,11,7,5,4,4,2,1 13,11,7,5,4,3,3,1 13,11,6,5,5,3,3,1 13,11,6,5,4,4,3,1 13,11,6,5,4,3,3,2 13,11,5,5,4,4,3,2 13,10,9,5,5,2,2,1 13,10,8,6,5,3,1,1 13,10,8,6,4,3,2,1 13,10,7,6,5,3,2,1 13,10,7,6,4,3,2,2 13,10,7,5,5,4,2,1 13,10,6,5,5,4,2,2 13,10,6,5,4,4,3,2 13,10,5,5,4,4,3,3 13,9,9,6,5,2,2,1 13,9,8,7,4,3,2,1 13,9,8,7,3,3,2,2 13,9,8,6,5,3,2,1 13,9,7,7,4,4,2,1 13,9,7,6,5,4,2,1 13,9,7,6,5,3,2,2 13,8,8,7,4,3,2,2 13,8,7,6,4,4,3,2 13,8,6,6,5,4,3,2 13,7,7,5,5,4,3,3 13,7,6,5,5,4,4,3 12,11,9,4,4,3,2,2 12,11,8,5,5,3,2,1 12,11,8,5,4,3,2,2 12,11,7,6,5,2,2,2 12,11,7,6,4,3,3,1 12,11,7,6,4,3,2,2 12,11,7,5,5,3,3,1 12,11,7,5,4,4,2,2 12,11,7,5,4,3,3,2 12,11,6,5,5,3,3,2 12,11,6,5,4,4,3,2 12,10,9,5,5,3,2,1 12,10,8,6,5,3,2,1 12,10,8,6,4,3,3,1 12,10,8,5,5,4,2,1 12,10,7,6,5,3,3,1 12,10,7,6,4,3,3,2 12,10,7,5,5,4,3,1 12,10,6,5,5,4,3,2 12,10,6,5,4,4,3,3 12,9,8,7,5,3,2,1 12,9,8,7,4,3,2,2 12,9,8,6,5,4,2,1 12,9,8,6,5,3,2,2 12,9,7,6,5,4,2,2 12,9,7,6,4,4,3,2 12,8,8,7,5,3,2,2 12,8,7,6,5,4,3,2 12,7,7,6,5,4,3,3 11,10,9,5,5,3,2,2 11,10,9,5,4,3,3,2 11,10,9,4,4,4,3,2 11,10,8,6,6,3,2,1 11,10,8,6,5,3,3,1 11,10,8,6,4,3,3,2 11,10,8,5,5,4,2,2 11,10,8,5,4,4,3,2 11,10,7,6,6,3,2,2 11,10,7,6,5,3,3,2 11,10,7,5,5,4,3,2 11,9,9,6,5,4,2,1 11,9,8,7,6,3,2,1 11,9,8,7,5,4,2,1 11,9,8,7,5,3,3,1 11,9,8,7,5,3,2,2 11,9,8,7,4,3,3,2 11,9,8,6,6,3,2,2 11,9,8,6,5,4,3,1 11,9,8,6,4,4,3,2 11,9,8,5,5,4,3,2 11,9,7,7,6,4,2,1 11,9,7,6,6,4,3,1 11,9,7,6,5,4,4,1 11,9,7,6,5,4,3,2 11,9,7,5,5,4,3,3 11,9,6,6,4,4,4,3 11,8,8,7,5,4,2,2 11,8,7,6,6,5,2,2 11,8,7,6,6,4,3,2 11,8,7,6,5,4,4,2 11,8,7,6,5,4,3,3 11,8,6,6,5,4,4,3 11,7,7,6,5,5,3,3 11,7,6,6,5,4,4,4 10,9,9,6,5,4,2,2 10,9,8,7,6,3,2,2 10,9,8,7,5,4,3,1 10,9,8,7,5,4,2,2 10,9,8,7,5,3,3,2 10,9,8,7,4,4,3,2 10,9,8,6,6,4,3,1 10,9,8,6,5,5,2,2 10,9,8,6,5,4,3,2 10,9,8,5,5,4,3,3 10,9,7,7,6,4,2,2 10,9,7,7,5,5,3,1 10,9,7,7,5,4,4,1 10,9,7,6,6,5,3,1 10,9,7,6,6,5,2,2 10,9,7,6,6,4,3,2 10,9,7,6,5,5,3,2 10,9,7,6,5,4,4,2 10,8,8,7,5,4,3,2 10,8,7,7,6,4,4,1 10,8,7,7,5,5,4,1 10,8,7,7,5,4,4,2 10,8,7,6,6,5,3,2 10,8,7,6,5,5,4,2 10,8,7,6,5,4,4,3 10,7,7,6,5,5,4,3 9,9,8,7,5,4,3,2 9,9,7,7,6,4,4,1 9,8,7,7,6,4,4,2 9,8,7,7,5,5,5,1 9,8,7,6,6,5,4,2 9,8,7,6,6,4,4,3 9,8,7,6,5,5,5,2 9,8,7,6,5,5,4,3 9,7,7,6,6,5,4,3 9,7,7,6,5,5,4,4 8,8,7,6,6,5,4,3
exit=0 r=47
U r=45: 16,7,7,5,4,3,2,1 15,8,8,5,3,3,2,1 15,8,8,4,3,3,2,2 15,8,6,5,4,4,2,1 15,8,6,5,4,3,2,2 15,7,7,5,4,3,2,2 15,7,6,6,4,4,2,1 14,9,9,5,3,2,2,1 14,9,8,6,3,3,1,1 14,9,8,5,4,2,2,1 14,9,7,6,3,3,2,1 14,9,7,5,4,3,2,1 14,9,6,5,4,3,2,2 14,9,6,4,4,3,3,2 14,9,5,4,4,3,3,3 14,8,8,5,4,3,2,1 14,8,7,5,4,4,2,1 14,8,7,5,4,3,2,2 14,7,6,5,4,4,3,2 13,10,9,4,4,2,2,1 13,10,8,5,5,2,1,1 13,10,8,5,4,2,2,1 13,10,7,6,4,3,1,1 13,10,7,6,4,2,2,1 13,10,7,6,3,2,2,2 13,10,7,5,5,3,1,1 13,10,7,5,4,3,2,1 13,10,6,5,5,3,2,1 13,10,6,5,4,4,2,1 13,10,6,5,4,3,2,2 13,10,5,5,4,4,2,2 13,9,8,6,4,2,2,1 13,9,8,6,3,3,2,1 13,9,8,5,5,2,2,1 13,9,7,6,3,3,2,2 13,9,7,5,5,3,2,1 13,9,6,6,4,4,2,1 13,9,6,5,5,3,2,2 13,9,6,5,4,3,3,2 13,9,5,5,4,3,3,3 13,8,8,7,3,3,2,1 13,8,8,6,4,3,2,1 13,8,7,6,4,4,2,1 13,8,7,6,4,3,2,2 13,7,7,5,4,4,3,2 13,7,6,5,5,4,3,2 13,6,6,5,5,4,3,3 12,11,8,4,3,3,2,2 12,11,7,5,5,2,2,1 12,11,7,5,4,3,2,1 12,11,7,5,3,3,2,2 12,11,7,4,4,3,2,2 12,11,6,5,5,2,2,2 12,11,6,5,4,3,3,1 12,11,6,5,4,3,2,2 12,11,6,4,4,3,3,2 12,11,5,5,4,3,3,2 12,10,9,4,4,3,2,1 12,10,8,5,5,3,1,1 12,10,8,5,4,3,2,1 12,10,7,6,5,2,2,1 12,10,7,6,4,3,2,1 12,10,7,6,3,3,2,2 12,10,7,5,4,4,2,1 12,10,7,5,4,3,3,1 12,10,6,5,5,3,3,1 12,10,6,5,4,4,3,1 12,10,6,5,4,3,3,2 12,10,5,5,4,4,3,2 12,9,9,5,5,2,2,1 12,9,8,6,5,3,1,1 12,9,8,6,5,2,2,1 12,9,8,6,4,3,2,1 12,9,8,5,5,3,2,1 12,9,7,7,4,3,2,1 12,9,7,6,5,3,2,1 12,9,7,6,4,4,2,1 12,9,7,6,4,3,2,2 12,9,7,5,5,4,2,1 12,9,6,5,5,4,2,2 12,9,6,5,4,4,3,2 12,9,5,5,4,4,3,3 12,8,8,7,3,3,2,2 12,8,8,6,5,3,2,1 12,8,7,7,4,3,2,2 12,8,7,6,5,4,2,1 12,8,7,6,5,3,2,2 12,8,7,6,4,3,3,2 12,8,6,5,5,4,3,2 12,7,7,6,4,4,3,2 12,7,6,5,5,4,3,3 11,10,9,4,4,4,2,1 11,10,9,4,4,3,2,2 11,10,8,5,5,3,2,1 11,10,8,5,4,4,2,1 11,10,8,5,4,3,2,2 11,10,7,6,6,2,2,1 11,10,7,6,5,2,2,2 11,10,7,6,4,3,3,1 11,10,7,6,4,3,2,2 11,10,7,5,5,3,3,1 11,10,7,5,4,4,2,2 11,10,7,5,4,3,3,2 11,10,6,5,5,3,3,2 11,10,6,5,4,4,3,2 11,9,9,5,5,3,2,1 11,9,8,6,6,3,1,1 11,9,8,6,6,2,2,1 11,9,8,6,4,4,2,1 11,9,8,6,4,3,3,1 11,9,8,6,4,3,2,2 11,9,8,5,5,4,2,1 11,9,8,5,5,3,2,2 11,9,7,7,5,3,2,1 11,9,7,6,6,3,2,1 11,9,7,6,5,3,3,1 11,9,7,6,4,3,3,2 11,9,7,5,5,4,3,1 11,9,7,5,5,3,3,2 11,9,6,6,4,4,3,2 11,9,6,5,5,4,3,2 11,9,6,5,4,4,3,3 11,8,8,7,5,3,2,1 11,8,8,7,4,3,2,2 11,8,8,6,5,4,2,1 11,8,7,7,5,3,2,2 11,8,7,6,6,4,2,1 11,8,7,6,6,3,2,2 11,8,7,6,5,4,2,2 11,8,7,5,5,4,3,2 11,8,6,6,4,4,3,3 11,7,7,6,5,4,3,2 11,7,6,6,5,4,3,3 10,9,9,5,5,3,2,2 10,9,8,6,6,3,2,1 10,9,8,6,5,4,2,1 10,9,8,6,5,3,3,1 10,9,8,6,5,3,2,2 10,9,8,6,4,3,3,2 10,9,8,5,5,4,2,2 10,9,8,5,4,3,3,3 10,9,7,7,5,4,2,1 10,9,7,6,6,4,2,1 10,9,7,6,6,3,2,2 10,9,7,6,5,4,3,1 10,9,7,6,5,4,2,2 10,9,7,6,5,3,3,2 10,9,7,5,5,4,3,2 10,9,6,6,5,4,3,2 10,8,8,7,5,3,3,1 10,8,8,7,4,3,3,2 10,8,8,6,5,4,3,1 10,8,7,7,5,4,2,2 10,8,7,6,6,4,3,1 10,8,7,6,5,5,3,1 10,8,7,6,5,4,4,1 10,8,7,6,5,4,3,2 10,8,7,5,5,4,4,2 10,8,6,6,5,5,3,2 10,8,6,6,5,4,3,3 10,7,7,6,5,4,4,2 10,7,6,6,5,5,3,3 9,9,8,6,5,4,2,2 9,9,7,7,5,4,3,1 9,8,8,7,5,3,3,2 9,8,8,6,5,4,3,2 9,8,7,7,6,3,3,2 9,8,7,7,5,4,4,1 9,8,7,7,5,4,3,2 9,8,7,7,5,3,3,3 9,8,7,6,6,4,4,1 9,8,7,6,6,4,3,2 9,8,7,6,5,5,3,2 9,8,7,6,5,4,4,2 9,8,7,6,5,4,3,3 9,7,7,6,6,4,4,2 9,7,7,6,5,5,3,3 9,7,7,6,5,4,4,3 9,7,6,6,5,5,4,3 8,8,7,7,6,3,3,3 8,8,7,6,6,4,3,3 8,8,7,6,5,5,5,1 8,8,7,6,5,5,4,2 8,7,7,6,6,4,4,3 8,7,7,6,5,5,4,3 8,7,7,5,5,5,4,4
exit=0 r=45
U r=43: 15,7,7,5,3,3,2,1 15,7,7,4,3,3,2,2 15,7,6,5,4,3,2,1 14,8,8,5,3,3,1,1 14,8,8,4,3,3,2,1 14,8,7,5,3,3,2,1 14,8,7,4,3,3,2,2 14,8,5,5,4,3,2,2 14,8,5,4,4,3,3,2 14,7,6,5,4,4,2,1 14,7,6,5,4,3,2,2 13,9,9,4,3,2,2,1 13,9,8,5,3,2,2,1 13,9,7,6,3,3,1,1 13,9,7,6,3,2,2,1 13,9,7,5,4,2,2,1 13,9,7,5,3,3,2,1 13,9,6,5,4,3,2,1 13,9,6,5,3,3,2,2 13,9,5,5,4,3,2,2 13,8,8,6,3,3,1,1 13,8,8,5,4,2,2,1 13,8,7,6,3,3,2,1 13,8,7,5,4,3,2,1 13,8,6,5,4,3,2,2 13,8,6,4,4,3,3,2 13,8,5,4,4,3,3,3 13,7,7,5,4,4,2,1 13,7,7,5,4,3,2,2 13,6,6,5,4,4,3,2 12,10,8,4,3,3,2,1 12,10,7,5,5,2,1,1 12,10,7,5,4,3,1,1 12,10,7,5,3,3,2,1 12,10,7,4,4,3,2,1 12,10,6,5,5,2,2,1 12,10,6,5,4,3,2,1 12,10,6,5,3,3,2,2 12,10,6,4,4,3,3,1 12,10,5,5,4,3,3,1 12,10,5,4,4,3,3,2 12,9,9,4,4,2,2,1 12,9,8,5,5,2,1,1 12,9,8,5,4,2,2,1 12,9,7,6,4,3,1,1 12,9,7,6,4,2,2,1 12,9,7,6,3,2,2,2 12,9,7,5,5,3,1,1 12,9,7,5,4,3,2,1 12,9,6,5,5,3,2,1 12,9,6,5,4,4,2,1 12,9,6,5,4,3,2,2 12,9,5,5,4,4,2,2 12,8,8,6,3,3,2,1 12,8,8,5,5,2,2,1 12,8,7,7,3,3,2,1 12,8,7,6,4,3,2,1 12,8,7,6,3,3,2,2 12,8,7,5,5,3,2,1 12,8,6,5,5,4,2,1 12,8,6,5,5,3,2,2 12,8,6,5,4,3,3,2 12,8,5,5,4,3,3,3 12,7,7,6,4,4,2,1 12,7,7,6,4,3,2,2 12,7,6,5,4,4,3,2 12,6,5,5,5,4,3,3 11,10,8,4,3,3,2,2 11,10,7,5,5,2,2,1 11,10,7,5,4,3,2,1 11,10,7,5,3,3,2,2 11,10,7,4,4,3,2,2 11,10,6,5,5,2,2,2 11,10,6,5,4,3,3,1 11,10,6,5,4,3,2,2 11,10,6,4,4,3,3,2 11,10,5,5,4,3,3,2 11,9,9,4,4,3,2,1 11,9,8,5,5,3,1,1 11,9,8,5,5,2,2,1 11,9,8,5,4,3,2,1 11,9,7,6,5,2,2,1 11,9,7,6,4,3,2,1 11,9,7,6,3,3,2,2 11,9,7,5,5,3,2,1 11,9,7,5,4,4,2,1 11,9,7,5,4,3,3,1 11,9,6,5,5,3,3,1 11,9,6,5,4,4,3,1 11,9,6,5,4,3,3,2 11,9,5,5,4,4,3,2 11,8,8,6,5,3,1,1 11,8,8,6,4,3,2,1 11,8,7,7,3,3,2,2 11,8,7,6,5,3,2,1 11,8,7,6,4,3,2,2 11,8,7,5,5,4,2,1 11,8,7,5,5,3,2,2 11,8,6,5,5,4,2,2 11,8,6,5,4,4,3,2 11,8,5,5,4,4,3,3 11,7,7,6,5,4,2,1 11,7,7,6,5,3,2,2 11,7,6,6,4,4,3,2 11,7,5,5,5,4,3,3 10,9,9,4,4,3,2,2 10,9,8,5,5,3,2,1 10,9,8,5,4,3,2,2 10,9,8,4,4,3,3,2 10,9,7,6,6,3,1,1 10,9,7,6,5,3,2,1 10,9,7,6,5,2,2,2 10,9,7,6,4,3,3,1 10,9,7,6,4,3,2,2 10,9,7,5,5,3,3,1 10,9,7,5,4,4,2,2 10,9,7,5,4,3,3,2 10,9,7,4,4,4,3,2 10,9,6,6,5,3,2,2 10,9,6,5,5,3,3,2 10,9,6,5,4,4,3,2 10,8,8,6,4,3,3,1 10,8,8,5,5,4,2,1 10,8,7,7,5,3,2,1 10,8,7,7,4,3,2,2 10,8,7,6,6,3,2,1 10,8,7,6,5,4,2,1 10,8,7,6,5,3,3,1 10,8,7,6,5,3,2,2 10,8,7,6,4,3,3,2 10,8,7,5,5,4,3,1 10,8,7,5,4,4,3,2 10,8,6,6,5,4,3,1 10,8,6,5,5,4,3,2 10,8,6,5,4,4,3,3 10,7,7,6,5,4,2,2 10,7,6,6,5,5,2,2 10,7,6,6,5,4,3,2 10,7,6,5,5,4,3,3 9,9,8,5,5,3,2,2 9,9,7,6,5,4,2,1 9,8,8,6,5,3,3,1 9,8,8,6,4,3,3,2 9,8,8,5,5,4,2,2 9,8,7,7,5,3,3,1 9,8,7,7,4,3,3,2 9,8,7,6,6,3,2,2 9,8,7,6,5,4,3,1 9,8,7,6,5,4,2,2 9,8,7,6,5,3,3,2 9,8,7,6,4,4,3,2 9,8,7,5,5,4,3,2 9,8,7,5,4,4,3,3 9,8,6,6,5,5,3,1 9,8,6,6,5,5,2,2 9,8,6,6,5,4,4,1 9,8,6,6,5,4,3,2 9,7,7,6,5,4,4,1 9,7,7,6,5,4,3,2 9,7,6,6,5,5,3,2 9,7,6,6,5,4,4,2 9,7,6,5,5,5,3,3 8,8,7,7,5,3,3,2 8,8,7,6,5,4,3,2 8,8,6,6,5,5,4,1 8,7,7,6,5,4,4,2 8,7,7,5,5,4,4,3 8,7,6,6,5,5,4,2 8,7,6,6,5,4,4,3 8,7,6,5,5,5,4,3
exit=0 r=43
U r=41: 15,6,6,5,4,2,2,1 14,7,6,5,3,3,2,1 14,7,6,4,3,3,2,2 14,7,5,5,4,3,2,1 14,6,6,5,4,3,2,1 13,8,8,5,3,2,1,1 13,8,8,4,3,2,2,1 13,8,7,6,2,2,2,1 13,8,7,5,3,3,1,1 13,8,7,4,4,2,2,1 13,8,7,4,3,3,2,1 13,8,6,5,3,3,2,1 13,8,6,4,4,3,2,1 13,8,6,4,3,3,2,2 13,8,5,4,4,3,2,2 13,7,7,5,3,3,2,1 13,7,7,4,3,3,2,2 13,7,6,4,4,4,2,1 13,7,5,5,4,3,2,2 13,7,5,4,4,3,3,2 13,6,6,5,4,4,2,1 13,6,6,5,4,3,2,2 12,9,8,4,3,2,2,1 12,9,7,5,4,2,1,1 12,9,7,5,3,2,2,1 12,9,7,4,4,2,2,1 12,9,6,5,4,3,1,1 12,9,6,5,4,2,2,1 12,9,6,5,3,2,2,2 12,9,6,4,4,3,2,1 12,9,5,5,4,3,2,1 12,9,5,4,4,3,2,2 12,8,8,5,3,2,2,1 12,8,7,6,3,3,1,1 12,8,7,6,3,2,2,1 12,8,7,5,4,2,2,1 12,8,7,5,3,3,2,1 12,8,6,5,4,3,2,1 12,8,6,5,3,3,2,2 12,8,5,5,4,3,2,2 12,7,7,6,3,3,2,1 12,7,7,5,4,3,2,1 12,7,6,5,4,4,2,1 12,7,6,5,4,3,2,2 12,7,6,4,4,3,3,2 12,7,5,4,4,3,3,3 12,6,5,5,4,4,3,2 11,10,8,3,3,3,2,1 11,10,7,4,4,3,1,1 11,10,7,4,4,2,2,1 11,10,7,4,3,2,2,2 11,10,7,3,3,3,2,2 11,10,6,5,4,2,2,1 11,10,6,5,3,3,2,1 11,10,6,5,3,2,2,2 11,10,6,4,4,3,2,1 11,10,6,4,3,3,2,2 11,10,5,5,4,2,2,2 11,10,5,5,3,3,3,1 11,10,5,4,4,3,3,1 11,10,5,4,4,3,2,2 11,10,5,4,3,3,3,2 11,9,8,4,4,2,2,1 11,9,8,4,3,3,2,1 11,9,7,5,5,2,1,1 11,9,7,5,4,3,1,1 11,9,7,5,3,3,2,1 11,9,7,4,4,3,2,1 11,9,6,6,4,2,2,1 11,9,6,5,5,2,2,1 11,9,6,5,4,3,2,1 11,9,6,5,3,3,2,2 11,9,6,4,4,4,2,1 11,9,6,4,4,3,3,1 11,9,5,5,4,3,3,1 11,9,5,4,4,3,3,2 11,8,8,5,5,2,1,1 11,8,8,5,4,2,2,1 11,8,7,6,4,3,1,1 11,8,7,6,4,2,2,1 11,8,7,6,3,3,2,1 11,8,7,6,3,2,2,2 11,8,7,5,5,3,1,1 11,8,7,5,5,2,2,1 11,8,7,5,4,3,2,1 11,8,6,6,4,3,2,1 11,8,6,5,5,3,2,1 11,8,6,5,4,4,2,1 11,8,6,5,4,3,2,2 11,8,5,5,4,4,2,2 11,7,7,6,3,3,2,2 11,7,7,5,5,3,2,1 11,7,6,6,4,4,2,1 11,7,6,6,4,3,2,2 11,7,6,5,5,3,2,2 11,7,6,5,4,3,3,2 11,7,5,5,4,4,3,2 11,7,5,5,4,3,3,3 11,6,5,5,4,4,3,3 10,9,8,4,4,3,2,1 10,9,8,4,3,3,2,2 10,9,7,5,5,2,2,1 10,9,7,5,4,3,2,1 10,9,7,5,3,3,2,2 10,9,7,4,4,4,2,1 10,9,7,4,4,3,2,2 10,9,6,6,5,2,2,1 10,9,6,5,5,2,2,2 10,9,6,5,4,3,3,1 10,9,6,5,4,3,2,2 10,9,6,4,4,3,3,2 10,9,5,5,4,3,3,2 10,8,8,5,5,3,1,1 10,8,8,5,4,3,2,1 10,8,7,6,5,3,1,1 10,8,7,6,5,2,2,1 10,8,7,6,4,3,2,1 10,8,7,6,3,3,2,2 10,8,7,5,4,4,2,1 10,8,7,5,4,3,3,1 10,8,7,5,4,3,2,2 10,8,6,6,5,3,2,1 10,8,6,5,5,3,3,1 10,8,6,5,4,4,3,1 10,8,6,5,4,3,3,2 10,8,5,5,4,4,3,2 10,7,7,6,5,3,2,1 10,7,7,6,4,3,2,2 10,7,7,5,5,4,2,1 10,7,6,6,5,4,2,1 10,7,6,6,5,3,2,2 10,7,6,5,5,4,2,2 10,7,6,5,4,4,3,2 10,7,5,5,4,4,3,3 9,9,8,4,4,3,2,2 9,9,7,5,5,3,2,1 9,8,8,5,5,3,2,1 9,8,8,5,4,3,2,2 9,8,7,6,6,2,2,1 9,8,7,6,5,3,2,1 9,8,7,6,5,2,2,2 9,8,7,6,4,4,2,1 9,8,7,6,4,3,3,1 9,8,7,6,4,3,2,2 9,8,7,5,5,4,2,1 9,8,7,5,5,3,3,1 9,8,7,5,5,3,2,2 9,8,7,5,4,4,2,2 9,8,7,5,4,3,3,2 9,8,6,6,5,4,2,1 9,8,6,6,5,3,2,2 9,8,6,6,4,4,3,1 9,8,6,5,5,4,3,1 9,8,6,5,5,4,2,2 9,8,6,5,5,3,3,2 9,8,6,5,4,4,3,2 9,7,7,6,5,3,3,1 9,7,7,6,4,3,3,2 9,7,7,5,5,4,3,1 9,7,6,6,5,4,3,1 9,7,6,6,5,4,2,2 9,7,6,6,4,4,4,1 9,7,6,6,4,4,3,2 9,7,6,5,5,4,3,2 9,7,6,5,4,4,4,2 9,7,6,5,4,4,3,3 9,6,6,5,4,4,4,3 8,8,7,6,5,3,3,1 8,8,7,6,4,3,3,2 8,8,7,5,5,4,2,2 8,8,6,6,5,4,3,1 8,7,7,6,5,3,3,2 8,7,7,5,5,4,3,2 8,7,6,6,5,4,4,1 8,7,6,6,5,4,3,2 8,7,6,5,5,4,4,2 8,7,6,5,5,4,3,3 8,6,6,5,5,4,4,3 7,7,6,6,5,4,4,2 7,7,6,5,5,4,4,3
exit=0 r=41
U r=39: 14,6,6,5,3,3,1,1 14,6,6,4,3,3,2,1 14,6,5,5,4,2,2,1 13,7,7,5,2,2,2,1 13,7,7,4,3,3,1,1 13,7,7,4,3,2,2,1 13,7,7,3,3,2,2,2 13,7,5,5,3,3,2,1 13,7,5,4,4,3,2,1 13,7,5,4,3,3,2,2 13,6,6,5,3,3,2,1 13,6,6,4,3,3,2,2 13,6,5,5,4,3,2,1 12,8,8,3,3,2,2,1 12,8,7,5,3,2,1,1 12,8,7,4,3,2,2,1 12,8,6,5,3,3,1,1 12,8,6,5,3,2,2,1 12,8,6,4,3,3,2,1 12,8,5,5,3,3,2,1 12,8,5,4,3,3,2,2 12,7,7,6,2,2,2,1 12,7,7,5,3,3,1,1 12,7,7,4,4,2,2,1 12,7,7,4,3,3,2,1 12,7,6,5,3,3,2,1 12,7,6,4,4,3,2,1 12,7,6,4,3,3,2,2 12,7,5,4,4,3,2,2 12,6,5,5,4,4,2,1 12,6,5,5,4,3,2,2 12,6,5,4,4,3,3,2 11,9,8,3,3,3,1,1 11,9,7,4,4,2,1,1 11,9,7,4,3,2,2,1 11,9,7,3,3,3,2,1 11,9,6,5,4,2,1,1 11,9,6,5,3,3,1,1 11,9,6,5,3,2,2,1 11,9,6,4,4,3,1,1 11,9,6,4,3,3,2,1 11,9,5,5,4,2,2,1 11,9,5,4,4,3,2,1 11,9,5,4,3,3,3,1 11,9,5,4,3,3,2,2 11,9,4,4,3,3,3,2 11,8,8,4,3,2,2,1 11,8,7,5,4,2,1,1 11,8,7,5,3,2,2,1 11,8,7,4,4,2,2,1 11,8,6,6,3,3,1,1 11,8,6,5,4,3,1,1 11,8,6,5,4,2,2,1 11,8,6,5,3,2,2,2 11,8,6,4,4,3,2,1 11,8,5,5,4,3,2,1 11,8,5,4,4,3,2,2 11,7,7,6,3,3,1,1 11,7,7,6,3,2,2,1 11,7,7,5,4,2,2,1 11,7,7,5,3,3,2,1 11,7,6,6,3,3,2,1 11,7,6,5,4,3,2,1 11,7,6,5,3,3,2,2 11,7,5,5,4,4,2,1 11,7,5,5,4,3,2,2 11,6,6,5,4,3,2,2 11,6,6,4,4,3,3,2 11,6,5,4,4,4,3,2 11,6,5,4,4,3,3,3 10,9,8,3,3,3,2,1 10,9,7,4,4,3,1,1 10,9,7,4,4,2,2,1 10,9,7,4,3,2,2,2 10,9,7,3,3,3,2,2 10,9,6,5,4,2,2,1 10,9,6,5,3,3,2,1 10,9,6,5,3,2,2,2 10,9,6,4,4,3,2,1 10,9,6,4,3,3,2,2 10,9,5,5,4,2,2,2 10,9,5,5,3,3,3,1 10,9,5,4,4,3,3,1 10,9,5,4,4,3,2,2 10,9,5,4,3,3,3,2 10,8,8,4,3,3,2,1 10,8,7,5,5,2,1,1 10,8,7,5,4,3,1,1 10,8,7,5,4,2,2,1 10,8,7,5,3,3,2,1 10,8,7,4,4,3,2,1 10,8,6,6,3,3,2,1 10,8,6,5,5,2,2,1 10,8,6,5,4,3,2,1 10,8,6,5,3,3,2,2 10,8,6,4,4,3,3,1 10,8,5,5,4,3,3,1 10,8,5,4,4,3,3,2 10,7,7,6,4,3,1,1 10,7,7,6,4,2,2,1 10,7,7,6,3,2,2,2 10,7,7,5,5,3,1,1 10,7,7,5,4,3,2,1 10,7,6,6,3,3,2,2 10,7,6,5,5,3,2,1 10,7,6,5,4,4,2,1 10,7,6,5,4,3,2,2 10,7,5,5,4,4,2,2 10,7,5,4,4,4,3,2 10,6,6,5,5,3,2,2 10,6,6,5,4,3,3,2 10,6,5,5,4,3,3,3 9,9,7,4,4,3,2,1 9,9,6,5,5,2,2,1 9,8,8,4,3,3,2,2 9,8,7,5,5,3,1,1 9,8,7,5,5,2,2,1 9,8,7,5,4,3,2,1 9,8,7,5,3,3,2,2 9,8,7,4,4,3,2,2 9,8,7,4,3,3,3,2 9,8,6,6,5,3,1,1 9,8,6,6,4,3,2,1 9,8,6,5,5,3,2,1 9,8,6,5,5,2,2,2 9,8,6,5,4,3,3,1 9,8,6,5,4,3,2,2 9,8,6,4,4,3,3,2 9,8,5,5,4,3,3,2 9,7,7,6,5,2,2,1 9,7,7,6,4,3,2,1 9,7,7,6,3,3,2,2 9,7,7,5,4,4,2,1 9,7,7,5,4,3,3,1 9,7,6,6,5,3,2,1 9,7,6,6,4,3,2,2 9,7,6,5,5,4,2,1 9,7,6,5,5,3,3,1 9,7,6,5,5,3,2,2 9,7,6,5,4,4,3,1 9,7,6,5,4,3,3,2 9,7,6,4,4,4,3,2 9,7,5,5,4,4,3,2 9,7,5,5,4,3,3,3 9,6,6,5,5,4,2,2 9,6,6,5,4,4,3,2 9,6,5,5,4,4,3,3 8,8,7,5,5,3,2,1 8,8,7,5,4,3,2,2 8,8,6,6,4,3,3,1 8,8,6,5,5,4,2,1 8,7,7,6,5,2,2,2 8,7,7,6,4,3,3,1 8,7,7,6,4,3,2,2 8,7,7,5,5,3,3,1 8,7,7,5,4,4,2,2 8,7,7,5,4,3,3,2 8,7,6,6,5,3,3,1 8,7,6,6,5,3,2,2 8,7,6,6,4,4,3,1 8,7,6,6,4,3,3,2 8,7,6,5,5,4,3,1 8,7,6,5,5,4,2,2 8,7,6,5,5,3,3,2 8,7,6,5,4,4,3,2 8,7,6,5,4,3,3,3 8,6,6,5,5,4,3,2 8,6,6,5,4,4,3,3 7,7,6,6,5,3,3,2 7,7,6,6,4,4,4,1 7,7,6,5,5,4,4,1 7,7,6,5,5,4,3,2 7,7,6,5,5,3,3,3 7,7,6,5,4,4,4,2 7,6,6,5,5,4,4,2 7,6,6,5,5,4,3,3 7,6,6,5,4,4,4,3
exit=0 r=39
U r=37: 14,5,5,5,3,2,2,1 13,6,6,5,2,2,2,1 13,6,6,4,3,3,1,1 13,6,6,4,3,2,2,1 13,6,6,3,3,2,2,2 13,6,5,5,3,3,1,1 13,6,5,4,4,2,2,1 13,6,5,4,3,3,2,1 13,5,5,5,4,2,2,1 12,7,7,5,2,2,1,1 12,7,7,4,3,2,1,1 12,7,7,3,3,2,2,1 12,7,6,5,2,2,2,1 12,7,6,4,3,3,1,1 12,7,6,4,3,2,2,1 12,7,6,3,3,2,2,2 12,7,5,4,3,3,2,1 12,7,4,4,3,3,2,2 12,6,5,5,3,3,2,1 12,6,5,4,4,3,2,1 12,6,5,4,3,3,2,2 12,5,5,5,4,3,2,1 11,8,8,3,3,2,1,1 11,8,7,4,4,1,1,1 11,8,7,4,2,2,2,1 11,8,7,3,3,2,2,1 11,8,6,5,3,2,1,1 11,8,6,5,2,2,2,1 11,8,6,4,4,2,1,1 11,8,6,4,3,2,2,1 11,8,5,5,3,3,1,1 11,8,5,4,4,3,1,1 11,8,5,4,4,2,2,1 11,8,5,4,3,3,2,1 11,8,5,4,3,2,2,2 11,8,4,4,3,3,2,2 11,7,7,5,3,2,1,1 11,7,7,4,3,2,2,1 11,7,6,6,2,2,2,1 11,7,6,5,3,3,1,1 11,7,6,5,3,2,2,1 11,7,6,4,4,2,2,1 11,7,6,4,3,3,2,1 11,7,5,5,3,3,2,1 11,7,5,4,3,3,2,2 11,6,6,5,3,3,2,1 11,6,6,4,4,3,2,1 11,6,6,4,3,3,2,2 11,6,5,4,4,4,2,1 11,6,5,4,4,3,2,2 11,5,5,5,4,3,2,2 11,5,5,4,4,3,3,2 10,9,7,3,3,3,1,1 10,9,7,3,3,2,2,1 10,9,6,4,4,2,1,1 10,9,6,4,3,3,1,1 10,9,6,4,3,2,2,1 10,9,6,3,3,2,2,2 10,9,5,5,3,2,2,1 10,9,5,4,4,2,2,1 10,9,5,4,3,3,2,1 10,9,5,4,3,2,2,2 10,9,5,3,3,3,2,2 10,9,4,4,3,3,3,1 10,9,4,4,3,3,2,2 10,8,8,3,3,3,1,1 10,8,7,4,4,2,1,1 10,8,7,4,3,2,2,1 10,8,7,3,3,3,2,1 10,8,6,5,4,2,1,1 10,8,6,5,3,3,1,1 10,8,6,5,3,2,2,1 10,8,6,4,4,3,1,1 10,8,6,4,3,3,2,1 10,8,5,5,4,2,2,1 10,8,5,4,4,3,2,1 10,8,5,4,3,3,3,1 10,8,5,4,3,3,2,2 10,8,4,4,3,3,3,2 10,7,7,5,4,2,1,1 10,7,7,5,3,2,2,1 10,7,7,4,4,2,2,1 10,7,6,6,3,3,1,1 10,7,6,6,3,2,2,1 10,7,6,5,4,3,1,1 10,7,6,5,4,2,2,1 10,7,6,5,3,3,2,1 10,7,6,5,3,2,2,2 10,7,6,4,4,3,2,1 10,7,5,5,4,3,2,1 10,7,5,4,4,4,2,1 10,7,5,4,4,3,2,2 10,6,6,5,4,3,2,1 10,6,6,5,3,3,2,2 10,6,5,5,4,3,2,2 10,6,5,4,4,3,3,2 10,5,5,4,4,3,3,3 9,9,6,4,4,2,2,1 9,8,8,3,3,3,2,1 9,8,7,4,4,3,1,1 9,8,7,4,4,2,2,1 9,8,7,4,3,3,2,1 9,8,7,4,3,2,2,2 9,8,7,3,3,3,2,2 9,8,6,5,5,2,1,1 9,8,6,5,4,2,2,1 9,8,6,5,3,3,2,1 9,8,6,5,3,2,2,2 9,8,6,4,4,3,2,1 9,8,6,4,3,3,2,2 9,8,5,5,5,2,2,1 9,8,5,5,4,2,2,2 9,8,5,5,3,3,3,1 9,8,5,4,4,3,3,1 9,8,5,4,4,3,2,2 9,8,5,4,3,3,3,2 9,7,7,5,5,2,1,1 9,7,7,5,4,3,1,1 9,7,7,5,3,3,2,1 9,7,7,4,4,3,2,1 9,7,6,6,4,3,1,1 9,7,6,6,4,2,2,1 9,7,6,6,3,2,2,2 9,7,6,5,5,3,1,1 9,7,6,5,5,2,2,1 9,7,6,5,4,3,2,1 9,7,6,5,3,3,2,2 9,7,6,4,4,4,2,1 9,7,6,4,4,3,3,1 9,7,6,4,4,3,2,2 9,7,5,5,5,3,2,1 9,7,5,5,4,3,3,1 9,7,5,5,3,3,3,2 9,7,5,4,4,3,3,2 9,6,6,5,5,3,2,1 9,6,6,5,4,4,2,1 9,6,6,5,4,3,2,2 9,6,5,5,5,3,2,2 9,6,5,5,4,4,2,2 9,6,5,5,4,3,3,2 9,5,5,5,4,3,3,3 8,8,7,4,3,3,2,2 8,8,6,5,5,3,1,1 8,8,6,5,4,3,2,1 8,7,7,5,5,2,2,1 8,7,7,5,4,3,2,1 8,7,7,5,3,3,2,2 8,7,7,4,4,3,2,2 8,7,6,6,5,2,2,1 8,7,6,6,4,3,2,1 8,7,6,6,3,3,2,2 8,7,6,5,5,3,2,1 8,7,6,5,5,2,2,2 8,7,6,5,4,4,2,1 8,7,6,5,4,3,3,1 8,7,6,5,4,3,2,2 8,7,6,4,4,3,3,2 8,7,5,5,5,4,2,1 8,7,5,5,4,4,3,1 8,7,5,5,4,4,2,2 8,7,5,5,4,3,3,2 8,6,6,5,5,3,3,1 8,6,6,5,4,4,3,1 8,6,6,5,4,3,3,2 8,6,5,5,5,4,2,2 8,6,5,5,4,4,3,2 8,5,5,5,4,4,3,3 7,7,6,6,5,2,2,2 7,7,6,6,4,3,3,1 7,7,6,6,4,3,2,2 7,7,6,5,5,3,3,1 7,7,6,5,4,4,2,2 7,7,6,5,4,3,3,2 7,7,5,5,5,4,3,1 7,7,5,5,4,4,4,1 7,6,6,5,5,3,3,2 7,6,6,5,4,4,4,1 7,6,6,5,4,4,3,2 7,6,6,4,4,4,3,3 7,6,5,5,5,4,3,2 7,6,5,5,4,4,4,2 7,6,5,5,4,4,3,3
exit=0 r=37
U r=36: 8,7,6,5,4,3,2,1
exit=0 r=36
U r=34: 9,8,5,4,3,2,2,1 9,7,6,4,4,2,1,1 7,6,5,5,4,3,3,1
exit=0 r=34
U r=32: 9,7,5,4,3,2,1,1 8,7,5,4,3,2,2,1 7,6,5,4,4,3,2,1 6,5,5,4,4,3,3,2
exit=0 r=32
U r=30: 9,6,5,4,2,2,1,1 8,7,5,3,3,2,1,1 8,7,4,3,3,2,2,1 8,6,5,4,3,2,1,1 7,6,5,4,4,2,1,1 7,6,5,4,3,2,2,1 7,5,4,4,3,3,2,2
exit=0 r=30
U r=28: 9,5,5,3,2,2,1,1 8,6,5,3,3,1,1,1 8,6,4,3,3,2,1,1 8,5,5,4,2,2,1,1 7,6,5,3,3,2,1,1 7,6,4,3,3,2,2,1 7,5,5,4,3,2,1,1 6,5,5,4,3,2,2,1 6,5,4,4,3,3,2,1 5,5,4,4,3,3,3,1
exit=0 r=28
U r=26: 9,4,4,3,2,2,1,1 8,5,5,3,2,1,1,1 8,5,4,3,2,2,1,1 7,6,5,2,2,2,1,1 7,6,4,3,3,1,1,1 7,6,4,3,2,2,1,1 7,6,3,3,2,2,2,1 7,5,5,3,3,1,1,1 7,5,4,4,2,2,1,1 7,5,4,3,3,2,1,1 7,4,3,3,3,2,2,2 6,5,5,3,3,2,1,1 6,5,4,4,3,2,1,1 6,5,4,3,3,2,2,1 5,5,4,4,3,2,2,1 5,4,4,3,3,3,2,2
exit=0 r=26
U r=24: 8,4,3,3,2,2,1,1 7,5,5,2,2,1,1,1 7,5,4,3,2,1,1,1 7,5,3,3,2,2,1,1 7,4,4,3,2,2,1,1 6,5,5,2,2,2,1,1 6,5,4,3,3,1,1,1 6,5,4,3,2,2,1,1 6,5,3,3,2,2,2,1 6,4,4,3,3,2,1,1 5,5,4,3,3,2,1,1 5,4,4,3,3,2,2,1
exit=0 r=24
U r=22: 8,3,3,3,2,1,1,1 7,4,4,3,1,1,1,1 7,4,4,2,2,1,1,1 7,4,3,2,2,2,1,1 7,3,3,3,2,2,1,1 6,5,4,2,2,1,1,1 6,5,3,3,2,1,1,1 6,5,3,2,2,2,1,1 6,4,4,3,2,1,1,1 6,4,3,3,2,2,1,1 5,5,4,2,2,2,1,1 5,5,3,3,3,1,1,1 5,4,4,3,3,1,1,1 5,4,4,3,2,2,1,1 5,4,3,3,3,2,1,1 5,4,3,3,2,2,2,1 5,3,3,3,2,2,2,2 4,4,3,3,3,2,2,1
exit=0 r=22
U r=20: 7,3,3,3,1,1,1,1 7,3,3,2,2,1,1,1 6,4,4,2,1,1,1,1 6,4,3,3,1,1,1,1 6,4,3,2,2,1,1,1 6,3,3,2,2,2,1,1 5,5,3,2,2,1,1,1 5,4,4,2,2,1,1,1 5,4,3,3,2,1,1,1 5,4,3,2,2,2,1,1 5,3,3,3,2,2,1,1 4,4,3,3,3,1,1,1 4,4,3,3,2,2,1,1 4,3,3,3,2,2,2,1
exit=0 r=20
