0
12
14
15
48
60
61
84
87
108
111
132
144
156
157
180
193
198
228
240
244
245
248
250
300
312
324
327
332
333
336
384
396
408
412
414
444
456
457
464
468
504
505
510
511
512
526
532
588
589
612
613
614
624
625
672
684
685
686
696
732
744
745
750
780
781
782
783
792
840
841
864
867
868
900
901
906
936
937
938
939
940
941
942
1020
1044
1056
1068
1080
1081
1082
1089
1090
1091
1092
1093
1176
1177
1178
1179
1180
1181
1188
1190
1191
1192
1193
1194
1195
1196
1203
1204
1368
1369
1370
1371
1372
1373
1374
1452
1453
1454
1455
1456
1457
1458
1459
1460
1461
1462
1463
1464
1465
1620
1621
1622
1626
1631
1632
1633
1634
1635
1728
1729
1732
1736
1737
1738
1739
1740
1741
1742
1743
1744
1872
1873
1874
1875
1880
1882
1883
1956
1957
1958
1959
1960
1961
1962
1963
1964
1965
2076
2077
2078
2088
2089
2090
2091
2092
2093
2094
2095
2096
2097
2098
2110
2111
2112
2280
2281
2282
2283
2284
2285
2286
2287
2296
2297
2298
2299
2424
2425
2426
2427
2428
2429
2430
2438
2439
2440
2442
2443
2457
2458
2459
2460
2461
2640
2641
2644
2645
2688
2691
2692
2700
2701
2702
2703
2704
2705
2706
2707
2708
2718
2719
2720
2721
2726
2727
2729
2730
2733
2735
2952
2954
2955
2956
2957
2961
2964
2965
2966
2968
3072
3073
3074
3075
3120
3124
3125
3126
3127
3128
3134
3135
3136
3137
3138
3139
3140
3141
3142
3157
3158
3159
3160
3161
3360
3361
3362
3369
3370
3371
3384
3385
3387
3388
3389
3396
3397
3400
3401
3402
3552
3553
3554
3555
3559
3612
3613
3636
3637
3638
3639
3640
3641
3642
3664
3665
3666
3667
3668
3669
3670
3678
3680
3684
3686
3852
3853
3854
3888
3889
3890
3891
3892
3908
3910
3914
3915
3917
4008
4009
4010
4011
4012
4013
4014
4015
4016
4017
4018
4019
4044
4045
4046
4047
4048
4049
4050
4051
4052
4053
4054
4100
4101
4102
4103
4104
4105
4109
4124
4125
4128
4129
4130
4131
4135
4176
4464
4465
4466
4467
4482
4483
4484
4485
4486
4487
4506
4507
4508
4509
4632
4633
4634
4635
4636
4637
4638
4639
4640
4668
4669
4670
4671
4672
4673
4684
4685
4686
4848
4849
4850
4884
4885
4886
4887
4888
4889
4890
4891
4892
4920
4921
4922
4923
4924
4925
5064
5065
5066
5067
5068
5069
5070
5071
5096
5172
5173
5174
5175
5176
5177
5178
5179
5180
5181
5182
5183
5208
5209
5210
5211
