LOT [(0, 2, 1), (0, 6, 2), (3, 5, 0), (4, 6, 1), (5, 3, 4), (6, 0, 5)] -> T-bm25 {"thm": "2.5", "maxima": false, "omit": 1, "order": [0, 3, 2, 1], "gens": [1, 2, 3, 4, 5, 6], "rels": [[[5, 1], [1, 1], [5, -1], [1, 1], [0, -1], [1, -1]], [[2,
LOT [(0, 4, 3), (0, 5, 1), (1, 3, 4), (2, 6, 0), (4, 0, 6), (5, 0, 2)] -> T-bm25 {"thm": "2.5", "maxima": false, "omit": 0, "order": [3, 2, 1, 0], "gens": [1, 2, 3, 4, 5, 6], "rels": [[[3, 1], [2, 1], [3, -1], [4, 1], [0, -1], [4, -1]], [[0,
LOT [(0, 4, 2), (0, 5, 3), (1, 6, 0), (2, 3, 5), (4, 0, 6), (4, 5, 1)] -> T-bm25 {"thm": "2.5", "maxima": false, "omit": 0, "order": [3, 2, 1, 0], "gens": [1, 2, 3, 4, 5, 6], "rels": [[[3, 1], [1, 1], [3, -1], [4, 1], [2, -1], [4, -1]], [[0,
LOT [(0, 5, 1), (0, 6, 2), (1, 4, 3), (2, 3, 4), (5, 0, 3), (6, 0, 4)] -> T-bm25 {"thm": "2.5", "maxima": false, "omit": 0, "order": [3, 2, 1, 0], "gens": [1, 2, 3, 4, 5, 6], "rels": [[[4, 1], [0, 1], [4, -1], [5, 1], [1, -1], [5, -1]], [[0,
LOT [(0, 5, 2), (0, 6, 1), (1, 4, 3), (2, 3, 4), (5, 0, 3), (6, 0, 4)] -> T-bm25 {"thm": "2.5", "maxima": true, "omit": 3, "order": [3, 2, 1, 0], "gens": [0, 1, 2, 4, 5, 6], "rels": [[[0, 1], [4, 1], [2, -1], [4, -1]], [[0, 1], [5, 1], [1, -
LOT [(0, 3, 1), (0, 6, 2), (2, 5, 4), (3, 6, 1), (4, 1, 6), (5, 2, 3)] -> T-bm25 {"thm": "2.5", "maxima": false, "omit": 0, "order": [3, 2, 1, 0], "gens": [0, 1, 3, 4, 5, 6], "rels": [[[0, 1], [2, 1], [1, -1], [2, -1]], [[0, 1], [5, 1], [4, 
LOT [(0, 5, 1), (0, 6, 2), (1, 2, 3), (3, 4, 5), (4, 3, 2), (6, 5, 4)] -> T-bm25 {"thm": "2.5", "maxima": false, "omit": 0, "order": [3, 2, 1, 0], "gens": [0, 1, 2, 4, 5, 6], "rels": [[[0, 1], [4, 1], [1, -1], [4, -1]], [[0, 1], [5, 1], [2, 
LOT [(0, 5, 2), (0, 6, 1), (1, 2, 3), (3, 4, 5), (4, 3, 2), (6, 5, 4)] -> T-bm25 {"thm": "2.5", "maxima": true, "omit": 2, "order": [3, 0, 2, 1], "gens": [0, 1, 2, 4, 5, 6], "rels": [[[0, 1], [4, 1], [2, -1], [4, -1]], [[0, 1], [5, 1], [1, -
LOT [(0, 5, 1), (0, 6, 2), (1, 2, 3), (4, 3, 2), (5, 6, 3), (6, 0, 4)] -> T-bm25 {"thm": "2.5", "maxima": false, "omit": 0, "order": [3, 2, 1, 0], "gens": [1, 2, 3, 4, 5, 6], "rels": [[[5, 1], [1, 1], [5, -1], [4, 1], [0, -1], [4, -1]], [[0,
LOT [(0, 3, 2), (1, 6, 0), (2, 5, 4), (3, 0, 1), (3, 4, 5), (4, 0, 6)] -> T-bm25 {"thm": "2.5", "maxima": false, "omit": 3, "order": [3, 2, 1, 0], "gens": [1, 2, 3, 4, 5, 6], "rels": [[[0, 1], [5, 1], [2, 1], [1, -1], [2, -1], [5, -1]], [[1,
LOT [(0, 3, 2), (1, 6, 0), (2, 5, 4), (3, 0, 1), (4, 0, 6), (5, 2, 3)] -> T-bm25 {"thm": "2.5", "maxima": false, "omit": 1, "order": [3, 2, 1, 0], "gens": [1, 2, 3, 4, 5, 6], "rels": [[[0, 1], [5, 1], [2, 1], [1, -1], [2, -1], [5, -1]], [[1,
LOT [(0, 3, 1), (1, 5, 3), (2, 6, 0), (4, 2, 6), (4, 6, 2), (5, 1, 3)] -> T-bm25 {"thm": "2.5", "maxima": true, "omit": 2, "order": [0, 3, 1, 2], "gens": [0, 2, 3, 4, 5, 6], "rels": [[[2, -1], [0, 1], [2, 1], [4, 1], [2, -1], [4, -1]], [[1, 
LOT [(0, 5, 1), (1, 5, 3), (2, 6, 0), (4, 2, 6), (4, 6, 2), (5, 1, 3)] -> T-bm25 {"thm": "2.5", "maxima": true, "omit": 1, "order": [2, 0, 1], "gens": [0, 2, 4, 5, 6], "rels": [[[1, 1], [4, 1], [0, -1], [4, -1]], [[2, 1], [1, 1], [4, -1], [1
SURVIVORSP4 {'T-bm25': 13} hard 0
