== crit_M10_r0.3  (type=0 pp=0.5 r=0.3 M=10)
       n   h      ratio       +-        D      gam       K2       q   theta      Dg
       1   0          0        0    2.279        0    1.001   0.833   0.703   2.280
       2   0          0        0    2.183        0    1.063   0.873   0.738   2.223
       4   0     0.1031   0.0026    2.095  0.06477    1.095   0.948   0.752   2.205
       8   0     0.2221    0.003    2.038   0.1358    1.098   0.980   0.760   2.193
      16   0     0.2918   0.0029    2.008   0.1758    1.095   0.990   0.762   2.198
      32   0     0.3313   0.0031    2.009   0.1997    1.098   1.000   0.710   2.195
      64   0     0.3443    0.005    1.991   0.2057    1.109   1.000   0.728   2.204
     128   0     0.3597     0.01    1.949   0.2103    1.138   1.000   0.710   2.190
== crit_M10_r0.6  (type=0 pp=0.5 r=0.6 M=10)
       n   h      ratio       +-        D      gam       K2       q   theta      Dg
       1   0          0        0    2.075        0   0.9985   0.818   0.703   2.074
       2   0          0        0    2.056        0    1.011   0.890   0.790   2.063
       4   0    0.06266   0.0018    2.029  0.07628    1.023   0.940   0.725   2.060
       8   0     0.1616   0.0021    2.001    0.194    1.044   0.978   0.723   2.060
      16   0     0.2387   0.0021    1.981   0.2837    1.056   0.998   0.730   2.059
      32   0     0.2835   0.0026    1.987   0.3381    1.038   1.000   0.740   2.063
      64   0     0.3019    0.003    1.978   0.3583    1.071   1.000   0.733   2.065
     128   0     0.3086    0.006     1.99   0.3684    1.058   1.000   0.715   2.075
== crit_M160_r0.3  (type=0 pp=0.5 r=0.3 M=160)
       n   h      ratio       +-        D      gam       K2       q   theta      Dg
       1   0          0        0     2.45        0    1.002   0.620   0.547   2.451
       2   0          0        0    2.223        0    1.119   0.693   0.585   2.282
       4   0     0.1138   0.0039    1.983   0.0677    1.244   0.740   0.555   2.215
       8   0     0.2539   0.0044    1.776   0.1353    1.382   0.782   0.580   2.202
      16   0     0.3523   0.0098    1.688   0.1784    1.392   0.812   0.555   2.204
      32   0       0.41   0.0085    1.543   0.1898    1.493   0.840   0.542   2.193
      64   0      0.416    0.012    1.628   0.2032    1.387   0.935   0.540   2.169
     128   0      0.438    0.019    1.624   0.2135    1.301   0.985   0.578   2.158
== crit_M160_r0.6  (type=0 pp=0.5 r=0.6 M=160)
       n   h      ratio       +-        D      gam       K2       q   theta      Dg
       1   0          0        0    2.107        0        1   0.600   0.555   2.108
       2   0          0        0    2.083        0    1.014   0.688   0.605   2.091
       4   0    0.05317   0.0023    2.011  0.06417    1.067   0.693   0.537   2.082
       8   0     0.1597   0.0026    1.892   0.1813    1.169   0.738   0.537   2.068
      16   0     0.2621   0.0042    1.744   0.2743    1.272   0.807   0.537   2.060
      32   0     0.3238   0.0047    1.673    0.325     1.31   0.877   0.560   2.057
      64   0     0.3588   0.0092    1.633   0.3516    1.319   0.940   0.535   2.060
     128   0     0.3846    0.013    1.524   0.3517     1.37   0.968   0.568   2.048
== crit_M2560_r0.3  (type=0 pp=0.5 r=0.3 M=2560)
       n   h      ratio       +-        D      gam       K2       q   theta      Dg
       8   0     0.3185    0.015    1.449   0.1384    2.014   0.500   0.387   2.212
      32   0     0.4917     0.03    1.324   0.1953    1.747   0.680   0.480   2.223
     128   0     0.5157    0.038    1.161   0.1796     1.92   0.747   0.447   2.236
== crit_M40_r0.3  (type=0 pp=0.5 r=0.3 M=40)
       n   h      ratio       +-        D      gam       K2       q   theta      Dg
       1   0          0        0     2.35        0   0.9991   0.740   0.640   2.349
       2   0          0        0    2.198        0    1.091   0.777   0.672   2.248
       4   0     0.1087   0.0044    2.037  0.06639    1.174   0.818   0.645   2.208
       8   0     0.2388   0.0053    1.889   0.1353    1.244   0.865   0.657   2.209
      16   0     0.3115   0.0046    1.856   0.1734    1.234   0.945   0.657   2.188
      32   0     0.3656   0.0052    1.799   0.1974     1.24   0.973   0.620   2.221
      64   0     0.3769   0.0075    1.861   0.2105    1.207   0.995   0.635   2.225
     128   0     0.3744    0.014    1.751   0.1967    1.227   1.000   0.637   2.134
== crit_M40_r0.6  (type=0 pp=0.5 r=0.6 M=40)
       n   h      ratio       +-        D      gam       K2       q   theta      Dg
       1   0          0        0    2.085        0    1.002   0.723   0.642   2.086
       2   0          0        0    2.067        0    1.014   0.772   0.652   2.081
       4   0    0.06012   0.0019     2.02  0.07288    1.039   0.855   0.670   2.063
       8   0     0.1608   0.0033    1.949    0.188     1.09   0.880   0.660   2.061
      16   0     0.2459   0.0031    1.876   0.2768    1.147   0.932   0.625   2.061
      32   0     0.2996   0.0048     1.81   0.3254     1.17   0.960   0.632   2.060
      64   0     0.3239   0.0072    1.809   0.3516     1.14   0.988   0.650   2.050
     128   0     0.3286    0.013    1.859   0.3665    1.176   1.000   0.637   2.103
== crit_M640_r0.3  (type=0 pp=0.5 r=0.3 M=640)
       n   h      ratio       +-        D      gam       K2       q   theta      Dg
       1   0          0        0    2.512        0    1.001   0.560   0.517   2.512
       2   0          0        0     2.26        0     1.15   0.593   0.468   2.332
       4   0     0.1173    0.005    1.922   0.0676    1.362   0.613   0.487   2.231
       8   0      0.266   0.0078    1.633   0.1304    1.609   0.657   0.495   2.212
      16   0     0.3837    0.012     1.47   0.1692     1.66   0.703   0.480   2.216
      32   0     0.4574    0.012     1.38   0.1894    1.688   0.748   0.472   2.188
      64   0     0.4491    0.012    1.447    0.195    1.521   0.860   0.497   2.181
     128   0     0.4907    0.023    1.399    0.206    1.555   0.877   0.525   2.223
== crit_M640_r0.6  (type=0 pp=0.5 r=0.6 M=640)
       n   h      ratio       +-        D      gam       K2       q   theta      Dg
       1   0          0        0    2.122        0    1.001   0.530   0.448   2.122
       2   0          0        0    2.086        0    1.028   0.555   0.455   2.107
       4   0     0.0489   0.0016    2.011  0.05902    1.072   0.578   0.450   2.087
       8   0     0.1581    0.003    1.874   0.1778    1.193   0.680   0.475   2.074
      16   0      0.272   0.0049    1.657   0.2704    1.372   0.708   0.468   2.064
      32   0     0.3797     0.01    1.443   0.3287     1.66   0.715   0.430   2.070
      64   0     0.3891    0.012     1.52    0.355    1.404   0.840   0.525   2.068
     128   0     0.4212    0.029    1.464   0.3699    1.427   0.860   0.497   2.080
== path_p0.52_r0.3  (type=0 pp=0.52 r=0.3 M=300)
       n   h      ratio       +-        D      gam       K2       q   theta      Dg
       1   0          0        0    2.222        0    1.002   0.895   0.823   2.224
       2   0          0        0    2.162        0    1.045   0.912   0.818   2.191
       4   0     0.1052   0.0032    2.097  0.06616    1.065   0.968   0.792   2.176
       8   0     0.2189   0.0027    2.051   0.1347    1.082   0.973   0.780   2.179
      16   0     0.2744   0.0026    2.053   0.1691     1.06   0.988   0.805   2.183
      32   0     0.3073   0.0023    2.058   0.1897    1.057   1.000   0.757   2.196
      64   0     0.3254   0.0033    2.077   0.2027    1.043   1.000   0.795   2.186
     128   0     0.3277   0.0054    1.993   0.1959     1.08   1.000   0.797   2.139
     256   0     0.3406   0.0093    2.052   0.2096    1.015   1.000   0.772   2.195
== path_p0.52_r0.6  (type=0 pp=0.52 r=0.6 M=300)
       n   h      ratio       +-        D      gam       K2       q   theta      Dg
       1   0          0        0    2.061        0    1.002   0.863   0.800   2.062
       2   0          0        0    2.046        0    1.014   0.897   0.780   2.058
       4   0    0.06643   0.0015     2.03  0.08092     1.02   0.958   0.785   2.054
       8   0     0.1609   0.0027    2.009   0.1939    1.033   0.968   0.782   2.054
      16   0     0.2298    0.002    1.996   0.2752    1.041   0.995   0.797   2.052
      32   0     0.2663   0.0021    1.983   0.3168    1.036   1.000   0.785   2.057
      64   0     0.2896   0.0023     1.97   0.3424    1.044   1.000   0.785   2.057
     128   0     0.2946   0.0049    2.014    0.356    1.033   1.000   0.812   2.052
     256   0      0.293    0.013    1.945   0.3419    1.117   1.000   0.782   2.032
== path_p0.55_r0.3  (type=0 pp=0.55 r=0.3 M=150)
       n   h      ratio       +-        D      gam       K2       q   theta      Dg
       1   0          0        0    2.176        0        1   0.932   0.875   2.176
       2   0          0        0    2.135        0    1.021   0.973   0.895   2.146
       4   0     0.1118   0.0026    2.111  0.07082    1.028   0.990   0.905   2.147
       8   0     0.2051   0.0019    2.111   0.1299    1.021   0.998   0.927   2.154
      16   0     0.2574    0.002    2.101   0.1622    1.027   1.000   0.900   2.145
      32   0     0.2796   0.0017     2.11    0.177    1.024   1.000   0.875   2.146
      64   0     0.2952   0.0022    2.108   0.1867    1.022   1.000   0.890   2.153
     128   0      0.297   0.0029    2.116   0.1886    1.012   1.000   0.927   2.156
     256   0     0.3028   0.0044    2.111   0.1918    1.021   1.000   0.895   2.136
== path_p0.55_r0.6  (type=0 pp=0.55 r=0.6 M=150)
       n   h      ratio       +-        D      gam       K2       q   theta      Dg
       1   0          0        0    2.045        0   0.9996   0.958   0.895   2.044
       2   0          0        0    2.039        0    1.003   0.988   0.892   2.042
       4   0    0.07511   0.0018     2.03  0.09147    1.009   0.993   0.885   2.041
       8   0     0.1615  0.00099    2.024   0.1961    1.009   0.995   0.858   2.043
      16   0     0.2179   0.0014    2.026   0.2649    1.008   1.000   0.907   2.042
      32   0     0.2456   0.0013    2.018   0.2974    1.018   1.000   0.890   2.041
      64   0     0.2577   0.0021    2.009   0.3107    1.011   1.000   0.868   2.043
     128   0     0.2665   0.0021    2.005   0.3205    1.023   1.000   0.873   2.036
     256   0     0.2675   0.0033    2.033   0.3262    1.016   1.000   0.882   2.045
== path_p0.6_r0.3  (type=0 pp=0.6 r=0.3 M=100)
       n   h      ratio       +-        D      gam       K2       q   theta      Dg
       1   0          0        0    2.116        0        1   0.980   0.945   2.117
       2   0          0        0    2.101        0     1.01   0.998   0.945   2.109
       4   0      0.103   0.0022    2.094  0.06472    1.009   0.998   0.958   2.108
       8   0     0.1795   0.0027      2.1   0.1131    1.004   1.000   0.940   2.110
      16   0     0.2223   0.0017    2.104   0.1403    1.002   1.000   0.930   2.113
      32   0     0.2436   0.0013    2.093    0.153    1.007   1.000   0.948   2.108
      64   0     0.2525  0.00058    2.091   0.1584    1.004   1.000   0.958   2.106
     128   0     0.2558    0.001    2.092   0.1606    1.011   1.000   0.940   2.111
     256   0     0.2594   0.0017    2.106   0.1639   0.9922   1.000   0.970   2.110
== path_p0.6_r0.6  (type=0 pp=0.6 r=0.6 M=100)
       n   h      ratio       +-        D      gam       K2       q   theta      Dg
       1   0          0        0    2.031        0        1   0.990   0.953   2.032
       2   0          0        0    2.028        0    1.004   0.995   0.958   2.031
       4   0    0.07426   0.0013    2.027  0.09033    1.002   1.000   0.963   2.031
       8   0     0.1481   0.0013    2.029   0.1802   0.9997   1.000   0.968   2.030
      16   0     0.1932    0.001    2.027    0.235    1.001   1.000   0.958   2.031
      32   0     0.2148  0.00083    2.029   0.2615        1   1.000   0.940   2.032
      64   0     0.2248  0.00051     2.04   0.2752   0.9943   1.000   0.940   2.032
     128   0     0.2302  0.00066    2.021   0.2791    1.001   1.000   0.935   2.031
     256   0     0.2358   0.0012    2.018   0.2855    1.009   1.000   0.945   2.031
== path_p0.7_r0.3  (type=0 pp=0.7 r=0.3 M=60)
       n   h      ratio       +-        D      gam       K2       q   theta      Dg
       1   0          0        0    2.056        0        1   1.000   0.993   2.056
       2   0          0        0    2.055        0    1.001   1.000   0.988   2.056
       4   0     0.0817   0.0014    2.055  0.05038        1   1.000   0.988   2.056
       8   0     0.1329   0.0017    2.053  0.08185    1.001   1.000   0.990   2.056
      16   0     0.1578   0.0012    2.054  0.09722    1.002   1.000   0.990   2.056
      32   0     0.1702  0.00078    2.054   0.1049    1.002   1.000   0.993   2.056
      64   0     0.1774  0.00052    2.056   0.1094        1   1.000   0.980   2.056
     128   0     0.1811  0.00045    2.058   0.1118        1   1.000   0.995   2.058
     256   0     0.1828  0.00043    2.057   0.1128   0.9982   1.000   0.995   2.055
== path_p0.7_r0.6  (type=0 pp=0.7 r=0.6 M=60)
       n   h      ratio       +-        D      gam       K2       q   theta      Dg
       1   0          0        0    2.016        0        1   1.000   0.983   2.016
       2   0          0        0    2.016        0        1   1.000   0.990   2.016
       4   0    0.06234   0.0011    2.016  0.07541        1   1.000   0.985   2.016
       8   0     0.1155   0.0012    2.016   0.1397        1   1.000   0.985   2.016
      16   0      0.142  0.00091    2.016   0.1718        1   1.000   0.990   2.017
      32   0     0.1562  0.00056    2.017    0.189        1   1.000   0.990   2.017
      64   0      0.162  0.00055    2.015   0.1959    1.001   1.000   0.988   2.016
     128   0      0.166  0.00023    2.016   0.2007   0.9992   1.000   0.993   2.016
     256   0     0.1668  0.00034    2.022   0.2024   0.9975   1.000   0.995   2.017
== path_p0.85_r0.3  (type=0 pp=0.85 r=0.3 M=40)
       n   h      ratio       +-        D      gam       K2       q   theta      Dg
       1   0          0        0    2.012        0        1   1.000   1.000   2.012
       2   0          0        0    2.012        0        1   1.000   1.000   2.012
       4   0    0.03877  0.00089    2.012  0.02341        1   1.000   1.000   2.012
       8   0    0.06196  0.00097    2.012  0.03741        1   1.000   1.000   2.012
      16   0    0.07148   0.0011    2.012  0.04315        1   1.000   1.000   2.012
      32   0    0.07711  0.00082    2.012  0.04655        1   1.000   1.000   2.012
      64   0    0.08024  0.00051    2.012  0.04844   0.9999   1.000   1.000   2.012
     128   0    0.08266  0.00042    2.013   0.0499   0.9998   1.000   1.000   2.012
     256   0    0.08281  0.00021    2.012  0.04999   0.9999   1.000   1.000   2.012
== path_p0.85_r0.6  (type=0 pp=0.85 r=0.6 M=40)
       n   h      ratio       +-        D      gam       K2       q   theta      Dg
       1   0          0        0    2.004        0        1   1.000   1.000   2.004
       2   0          0        0    2.004        0        1   1.000   0.998   2.004
       4   0     0.0361  0.00075    2.004  0.04341        1   1.000   1.000   2.004
       8   0    0.05701  0.00098    2.004  0.06854        1   1.000   1.000   2.004
      16   0    0.06893  0.00057    2.004  0.08287        1   1.000   0.995   2.004
      32   0     0.0737  0.00046    2.004  0.08861   0.9999   1.000   1.000   2.004
      64   0    0.07646  0.00025    2.004  0.09192        1   1.000   1.000   2.004
     128   0    0.07803  0.00021    2.004  0.09383   0.9999   1.000   1.000   2.004
     256   0    0.07901  0.00014    2.004  0.09499   0.9999   1.000   1.000   2.004
== rect_p0.55_M150_r0.3  (type=1 pp=0.55 r=0.3 M=150)
       n   h      ratio       +-        D      gam       K2       q   theta      Dg
       8   2      0.202   0.0031    2.935   0.1778      nan   0.995   0.900     nan
      32   2     0.2766    0.002    2.283   0.1894      nan   1.000   0.905     nan
     128   2     0.2932   0.0046    2.175   0.1913      nan   1.000   0.865     nan
       8   8     0.2041   0.0033    2.752   0.1685      nan   1.000   0.920     nan
      32   8     0.2729   0.0026    2.264   0.1853      nan   1.000   0.870     nan
     128   8     0.2971   0.0047    2.094   0.1866      nan   1.000   0.885     nan
       8  32     0.2058   0.0035    2.742   0.1693      nan   1.000   0.865     nan
      32  32      0.273   0.0025    2.293   0.1878      nan   1.000   0.900     nan
     128  32     0.2794   0.0042    2.126   0.1782      nan   1.000   0.900     nan
== rect_p0.55_M150_r0.6  (type=1 pp=0.55 r=0.6 M=150)
       n   h      ratio       +-        D      gam       K2       q   theta      Dg
       8   2     0.1494   0.0015    3.494   0.3133      nan   1.000   0.855     nan
      32   2     0.2312   0.0012    2.395   0.3322      nan   1.000   0.875     nan
     128   2     0.2618   0.0022    2.168   0.3405      nan   1.000   0.880     nan
       8   8     0.1523   0.0017     3.41   0.3116      nan   1.000   0.910     nan
      32   8     0.2294    0.002    2.344   0.3226      nan   1.000   0.880     nan
     128   8     0.2594   0.0031    2.131   0.3317      nan   1.000   0.915     nan
       8  32     0.1477   0.0029     3.21   0.2845      nan   1.000   0.890     nan
      32  32     0.2297   0.0019    2.287   0.3153      nan   1.000   0.855     nan
     128  32     0.2668   0.0037    2.068    0.331      nan   1.000   0.870     nan
== rect_p0.5_M160_r0.3  (type=1 pp=0.5 r=0.3 M=160)
       n   h      ratio       +-        D      gam       K2       q   theta      Dg
       8   2     0.2703   0.0067    2.339   0.1897      nan   0.790   0.525     nan
      32   2     0.3771    0.015    1.802   0.2039      nan   0.935   0.625     nan
     128   2     0.4671    0.024     1.55   0.2171      nan   0.960   0.545     nan
       8   8     0.2671     0.01    2.204   0.1766      nan   0.850   0.575     nan
      32   8     0.3919    0.012    1.692    0.199      nan   0.895   0.575     nan
     128   8     0.4285    0.021    1.662   0.2136      nan   0.985   0.610     nan
       8  32     0.2609   0.0083    2.165   0.1694      nan   0.880   0.565     nan
      32  32     0.4101    0.017    1.727   0.2125      nan   0.925   0.600     nan
     128  32     0.4079    0.035    1.627   0.1991      nan   0.980   0.570     nan
== rect_p0.5_M160_r0.6  (type=1 pp=0.5 r=0.6 M=160)
       n   h      ratio       +-        D      gam       K2       q   theta      Dg
       8   2     0.1645   0.0033    2.972   0.2933      nan   0.765   0.545     nan
      32   2     0.3149   0.0066    1.905   0.3599      nan   0.875   0.610     nan
     128   2     0.3523    0.023    1.653   0.3494      nan   0.985   0.595     nan
       8   8      0.172   0.0035    2.802   0.2892      nan   0.810   0.590     nan
      32   8      0.311   0.0059    1.954   0.3647      nan   0.900   0.535     nan
     128   8      0.317    0.029    1.573   0.2992      nan   0.985   0.610     nan
       8  32      0.162   0.0037    2.727   0.2651      nan   0.885   0.540     nan
      32  32      0.312     0.01    1.894   0.3546      nan   0.935   0.540     nan
     128  32     0.3909    0.036    1.535   0.3601      nan   0.995   0.560     nan
== rect_p0.7_M60_r0.3  (type=1 pp=0.7 r=0.3 M=60)
       n   h      ratio       +-        D      gam       K2       q   theta      Dg
       8   2     0.1139   0.0015    3.372   0.1152      nan   1.000   0.990     nan
      32   2     0.1641  0.00093    2.387   0.1175      nan   1.000   0.990     nan
     128   2     0.1781  0.00071    2.131   0.1139      nan   1.000   0.985     nan
       8   8     0.1159    0.002    3.195   0.1111      nan   1.000   0.995     nan
      32   8     0.1592   0.0015    2.342   0.1119      nan   1.000   0.990     nan
     128   8     0.1803   0.0007    2.137   0.1156      nan   1.000   0.990     nan
       8  32     0.1122   0.0029    3.104   0.1045      nan   1.000   0.990     nan
      32  32     0.1608   0.0012    2.309   0.1114      nan   1.000   0.990     nan
     128  32      0.179   0.0016    2.119   0.1138      nan   1.000   0.980     nan
== rect_p0.7_M60_r0.6  (type=1 pp=0.7 r=0.6 M=60)
       n   h      ratio       +-        D      gam       K2       q   theta      Dg
       8   2    0.07911   0.0014    4.017   0.1907      nan   1.000   1.000     nan
      32   2     0.1351  0.00051      2.6   0.2108      nan   1.000   0.970     nan
     128   2     0.1591  0.00053    2.166   0.2068      nan   1.000   0.985     nan
       8   8    0.08426   0.0013    4.352     0.22      nan   1.000   1.000     nan
      32   8     0.1353   0.0013     2.62   0.2127      nan   1.000   0.995     nan
     128   8     0.1591  0.00084    2.166   0.2068      nan   1.000   0.990     nan
       8  32    0.08237   0.0013    3.973   0.1964      nan   1.000   0.970     nan
      32  32     0.1351   0.0006    2.502   0.2028      nan   1.000   0.995     nan
     128  32     0.1584  0.00067    2.137    0.203      nan   1.000   0.990     nan
