# Census summary (swarm, 2026-09-16). Generated by scan.py; full per-pair logs not kept (300 KB each).
# Usage: python3 scan.py nS nM NMAX [BUDGET]; row format: T_f T_r result, T_f indexed s*nM+m, T_r indexed m*nS+s, label 0 = identity.
# Result string: position i is alphabet size i+2; Y = SAT (strict pair exists), N = UNSAT, ? = conflict budget exceeded.

## 2 x 2, n = 2..5 (python3 scan.py 2 2 5)
{'abelian': 44, 'copy': 113, 'NYYY': 29, 'NNNN': 39}

## 2 x 3, n = 2..4 (python3 scan.py 2 3 4)
{'NYY': 2683, 'YYY': 1893, 'NNN': 2557, 'NNY': 121, 'NN?': 3} (abelian 658, copy 13170 skipped)
rows with result NNY or NN?:
(0, 0, 1, 2, 3, 0) (0, 0, 0, 1, 0, 0) NNY 
(0, 0, 1, 2, 3, 0) (0, 0, 0, 1, 1, 0) NNY 
(0, 0, 1, 2, 3, 0) (0, 0, 0, 1, 2, 0) NNY 
(0, 0, 1, 2, 3, 0) (0, 1, 0, 0, 0, 0) NNY 
(0, 0, 1, 2, 3, 0) (0, 1, 0, 0, 1, 0) NNY 
(0, 0, 1, 2, 3, 0) (0, 1, 0, 0, 2, 0) NNY 
(0, 0, 1, 2, 3, 0) (0, 1, 0, 2, 0, 0) NNY 
(0, 0, 1, 2, 3, 0) (0, 1, 0, 2, 1, 0) NNY 
(0, 0, 1, 2, 3, 0) (0, 1, 0, 2, 2, 0) NNY 
(0, 0, 1, 2, 3, 0) (0, 1, 0, 2, 3, 0) NNY 
(0, 1, 1, 1, 2, 3) (0, 1, 1, 0, 1, 1) NNY 
(0, 1, 1, 2, 0, 3) (0, 0, 0, 0, 0, 1) NNY 
(0, 1, 1, 2, 0, 3) (0, 0, 1, 0, 1, 1) NNY 
(0, 1, 1, 2, 0, 3) (0, 0, 1, 0, 1, 2) NNY 
(0, 1, 1, 2, 0, 3) (0, 1, 0, 0, 0, 1) NNY 
(0, 1, 1, 2, 0, 3) (0, 1, 0, 0, 0, 2) NNY 
(0, 1, 1, 2, 0, 3) (0, 1, 1, 0, 1, 1) NNY 
(0, 1, 1, 2, 0, 3) (0, 1, 1, 0, 1, 2) NNY 
(0, 1, 1, 2, 0, 3) (0, 1, 2, 0, 2, 1) NNY 
(0, 1, 1, 2, 0, 3) (0, 1, 2, 0, 2, 2) NNY 
(0, 1, 1, 2, 0, 3) (0, 1, 2, 0, 2, 3) NNY 
(0, 1, 2, 1, 0, 2) (0, 1, 1, 0, 1, 1) NN? 
(0, 1, 2, 1, 0, 2) (0, 1, 1, 0, 2, 2) NN? 
(0, 1, 2, 1, 0, 2) (0, 1, 1, 0, 2, 3) NN? 
(0, 1, 2, 1, 2, 1) (0, 0, 0, 0, 0, 1) NNY 
(0, 1, 2, 1, 2, 1) (0, 0, 0, 0, 1, 0) NNY 
(0, 1, 2, 1, 2, 1) (0, 0, 0, 0, 1, 1) NNY 
(0, 1, 2, 1, 2, 1) (0, 0, 0, 0, 1, 2) NNY 
(0, 1, 2, 1, 2, 1) (0, 0, 0, 1, 0, 0) NNY 
(0, 1, 2, 1, 2, 1) (0, 0, 0, 1, 0, 1) NNY 
(0, 1, 2, 1, 2, 1) (0, 0, 0, 1, 0, 2) NNY 
(0, 1, 2, 1, 2, 1) (0, 0, 0, 1, 1, 1) NNY 
(0, 1, 2, 1, 2, 1) (0, 0, 0, 1, 1, 2) NNY 
(0, 1, 2, 1, 2, 1) (0, 0, 0, 1, 2, 0) NNY 
(0, 1, 2, 1, 2, 1) (0, 0, 0, 1, 2, 1) NNY 
(0, 1, 2, 1, 2, 1) (0, 0, 0, 1, 2, 2) NNY 
(0, 1, 2, 1, 2, 1) (0, 0, 0, 1, 2, 3) NNY 
(0, 1, 2, 1, 2, 1) (0, 1, 1, 0, 0, 0) NNY 
(0, 1, 2, 1, 2, 1) (0, 1, 1, 0, 0, 2) NNY 
(0, 1, 2, 1, 2, 1) (0, 1, 1, 0, 1, 0) NNY 
(0, 1, 2, 1, 2, 1) (0, 1, 1, 0, 1, 1) NNY 
(0, 1, 2, 1, 2, 1) (0, 1, 1, 0, 1, 2) NNY 
(0, 1, 2, 1, 2, 1) (0, 1, 1, 0, 2, 0) NNY 
(0, 1, 2, 1, 2, 1) (0, 1, 1, 0, 2, 1) NNY 
(0, 1, 2, 1, 2, 1) (0, 1, 1, 0, 2, 2) NNY 
(0, 1, 2, 1, 2, 1) (0, 1, 1, 0, 2, 3) NNY 
(0, 1, 2, 1, 2, 1) (0, 1, 1, 1, 0, 0) NNY 
(0, 1, 2, 1, 2, 1) (0, 1, 1, 1, 0, 1) NNY 
(0, 1, 2, 1, 2, 1) (0, 1, 1, 1, 0, 2) NNY 
(0, 1, 2, 1, 2, 1) (0, 1, 1, 1, 1, 0) NNY 
(0, 1, 2, 1, 2, 1) (0, 1, 1, 1, 1, 2) NNY 
(0, 1, 2, 1, 2, 1) (0, 1, 1, 1, 2, 0) NNY 
(0, 1, 2, 1, 2, 1) (0, 1, 1, 1, 2, 1) NNY 
(0, 1, 2, 1, 2, 1) (0, 1, 1, 1, 2, 2) NNY 
(0, 1, 2, 1, 2, 1) (0, 1, 1, 1, 2, 3) NNY 
(0, 1, 2, 1, 2, 1) (0, 1, 1, 2, 0, 0) NNY 
(0, 1, 2, 1, 2, 1) (0, 1, 1, 2, 0, 1) NNY 
(0, 1, 2, 1, 2, 1) (0, 1, 1, 2, 0, 2) NNY 
(0, 1, 2, 1, 2, 1) (0, 1, 1, 2, 0, 3) NNY 
(0, 1, 2, 1, 2, 1) (0, 1, 1, 2, 1, 0) NNY 
(0, 1, 2, 1, 2, 1) (0, 1, 1, 2, 1, 1) NNY 
(0, 1, 2, 1, 2, 1) (0, 1, 1, 2, 1, 2) NNY 
(0, 1, 2, 1, 2, 1) (0, 1, 1, 2, 1, 3) NNY 
(0, 1, 2, 1, 2, 1) (0, 1, 1, 2, 2, 0) NNY 
(0, 1, 2, 1, 2, 1) (0, 1, 1, 2, 2, 2) NNY 
(0, 1, 2, 1, 2, 1) (0, 1, 1, 2, 2, 3) NNY 
(0, 1, 2, 1, 2, 1) (0, 1, 1, 2, 3, 0) NNY 
(0, 1, 2, 1, 2, 1) (0, 1, 1, 2, 3, 1) NNY 
(0, 1, 2, 1, 2, 1) (0, 1, 1, 2, 3, 2) NNY 
(0, 1, 2, 1, 2, 1) (0, 1, 1, 2, 3, 3) NNY 
(0, 1, 2, 1, 2, 1) (0, 1, 1, 2, 3, 4) NNY 
(0, 1, 2, 1, 2, 3) (0, 0, 0, 0, 1, 0) NNY 
(0, 1, 2, 1, 2, 3) (0, 0, 0, 0, 1, 1) NNY 
(0, 1, 2, 1, 2, 3) (0, 0, 0, 0, 1, 2) NNY 
(0, 1, 2, 1, 2, 3) (0, 0, 0, 1, 0, 0) NNY 
(0, 1, 2, 1, 2, 3) (0, 0, 0, 1, 0, 1) NNY 
(0, 1, 2, 1, 2, 3) (0, 0, 0, 1, 0, 2) NNY 
(0, 1, 2, 1, 2, 3) (0, 0, 0, 1, 2, 0) NNY 
(0, 1, 2, 1, 2, 3) (0, 0, 0, 1, 2, 1) NNY 
(0, 1, 2, 1, 2, 3) (0, 0, 0, 1, 2, 2) NNY 
(0, 1, 2, 1, 2, 3) (0, 0, 0, 1, 2, 3) NNY 
(0, 1, 2, 1, 2, 3) (0, 1, 1, 0, 1, 0) NNY 
(0, 1, 2, 1, 2, 3) (0, 1, 1, 0, 1, 1) NNY 
(0, 1, 2, 1, 2, 3) (0, 1, 1, 0, 1, 2) NNY 
(0, 1, 2, 1, 2, 3) (0, 1, 1, 0, 2, 0) NNY 
(0, 1, 2, 1, 2, 3) (0, 1, 1, 0, 2, 1) NNY 
(0, 1, 2, 1, 2, 3) (0, 1, 1, 0, 2, 2) NNY 
(0, 1, 2, 1, 2, 3) (0, 1, 1, 0, 2, 3) NNY 
(0, 1, 2, 1, 2, 3) (0, 1, 1, 1, 0, 0) NNY 
(0, 1, 2, 1, 2, 3) (0, 1, 1, 1, 0, 1) NNY 
(0, 1, 2, 1, 2, 3) (0, 1, 1, 1, 0, 2) NNY 
(0, 1, 2, 1, 2, 3) (0, 1, 1, 1, 2, 0) NNY 
(0, 1, 2, 1, 2, 3) (0, 1, 1, 1, 2, 1) NNY 
(0, 1, 2, 1, 2, 3) (0, 1, 1, 1, 2, 2) NNY 
(0, 1, 2, 1, 2, 3) (0, 1, 1, 1, 2, 3) NNY 
(0, 1, 2, 1, 2, 3) (0, 1, 1, 2, 0, 0) NNY 
(0, 1, 2, 1, 2, 3) (0, 1, 1, 2, 0, 1) NNY 
(0, 1, 2, 1, 2, 3) (0, 1, 1, 2, 0, 2) NNY 
(0, 1, 2, 1, 2, 3) (0, 1, 1, 2, 0, 3) NNY 
(0, 1, 2, 1, 2, 3) (0, 1, 1, 2, 1, 0) NNY 
(0, 1, 2, 1, 2, 3) (0, 1, 1, 2, 1, 1) NNY 
(0, 1, 2, 1, 2, 3) (0, 1, 1, 2, 1, 2) NNY 
(0, 1, 2, 1, 2, 3) (0, 1, 1, 2, 1, 3) NNY 
(0, 1, 2, 1, 2, 3) (0, 1, 1, 2, 3, 0) NNY 
(0, 1, 2, 1, 2, 3) (0, 1, 1, 2, 3, 1) NNY 
(0, 1, 2, 1, 2, 3) (0, 1, 1, 2, 3, 2) NNY 
(0, 1, 2, 1, 2, 3) (0, 1, 1, 2, 3, 3) NNY 
(0, 1, 2, 1, 2, 3) (0, 1, 1, 2, 3, 4) NNY 
(0, 1, 2, 3, 0, 0) (0, 0, 0, 0, 1, 0) NNY 
(0, 1, 2, 3, 0, 0) (0, 0, 1, 0, 2, 0) NNY 
(0, 1, 2, 3, 0, 0) (0, 1, 0, 0, 1, 0) NNY 
(0, 1, 2, 3, 0, 0) (0, 1, 0, 0, 2, 0) NNY 
(0, 1, 2, 3, 0, 0) (0, 1, 1, 0, 2, 0) NNY 
(0, 1, 2, 3, 0, 0) (0, 1, 2, 0, 3, 0) NNY 
(0, 1, 2, 3, 0, 3) (0, 0, 0, 0, 1, 0) NNY 
(0, 1, 2, 3, 0, 3) (0, 0, 1, 0, 1, 0) NNY 
(0, 1, 2, 3, 0, 3) (0, 0, 1, 0, 2, 0) NNY 
(0, 1, 2, 3, 0, 3) (0, 1, 0, 0, 1, 1) NNY 
(0, 1, 2, 3, 0, 3) (0, 1, 0, 0, 2, 1) NNY 
(0, 1, 2, 3, 0, 3) (0, 1, 1, 0, 1, 1) NNY 
(0, 1, 2, 3, 0, 3) (0, 1, 1, 0, 2, 1) NNY 
(0, 1, 2, 3, 0, 3) (0, 1, 2, 0, 1, 1) NNY 
(0, 1, 2, 3, 0, 3) (0, 1, 2, 0, 2, 1) NNY 
(0, 1, 2, 3, 0, 3) (0, 1, 2, 0, 3, 1) NNY 
{'abelian': 658, 'copy': 13170, 'NYY': 2683, 'YYY': 1893, 'NNN': 2557, 'NNY': 121, 'NN?': 3}

## 3 x 2, n = 2..4 (python3 scan.py 3 2 4)
{'NYY': 2724, 'NNN': 2554, 'YYY': 1839, 'NNY': 132, 'NN?': 8} (abelian 658, copy 13170 skipped)
rows with result NNY or NN?:
(0, 1, 0, 2, 3, 0) (0, 0, 0, 0, 1, 0) NNY 
(0, 1, 0, 2, 3, 0) (0, 0, 0, 1, 0, 0) NNY 
(0, 1, 0, 2, 3, 0) (0, 0, 0, 1, 2, 0) NNY 
(0, 1, 0, 2, 3, 0) (0, 0, 1, 0, 1, 0) NNY 
(0, 1, 0, 2, 3, 0) (0, 0, 1, 0, 2, 0) NNY 
(0, 1, 0, 2, 3, 0) (0, 0, 1, 1, 0, 0) NNY 
(0, 1, 0, 2, 3, 0) (0, 0, 1, 1, 2, 0) NNY 
(0, 1, 0, 2, 3, 0) (0, 0, 1, 2, 0, 0) NNY 
(0, 1, 0, 2, 3, 0) (0, 0, 1, 2, 1, 0) NNY 
(0, 1, 0, 2, 3, 0) (0, 0, 1, 2, 3, 0) NNY 
(0, 1, 1, 0, 2, 2) (0, 1, 0, 1, 0, 2) NN? 
(0, 1, 1, 0, 2, 2) (0, 1, 1, 1, 0, 0) NN? 
(0, 1, 1, 0, 2, 2) (0, 1, 1, 1, 0, 1) NN? 
(0, 1, 1, 0, 2, 2) (0, 1, 1, 1, 0, 2) NN? 
(0, 1, 1, 0, 2, 2) (0, 1, 2, 1, 0, 0) NN? 
(0, 1, 1, 0, 2, 2) (0, 1, 2, 1, 0, 1) NN? 
(0, 1, 1, 0, 2, 2) (0, 1, 2, 1, 0, 2) NN? 
(0, 1, 1, 0, 2, 2) (0, 1, 2, 1, 0, 3) NN? 
(0, 1, 1, 1, 2, 0) (0, 1, 0, 1, 1, 0) NNY 
(0, 1, 1, 1, 2, 0) (0, 1, 1, 1, 1, 0) NNY 
(0, 1, 1, 1, 2, 0) (0, 1, 2, 1, 1, 0) NNY 
(0, 1, 1, 2, 2, 1) (0, 0, 0, 0, 0, 1) NNY 
(0, 1, 1, 2, 2, 1) (0, 0, 0, 0, 1, 0) NNY 
(0, 1, 1, 2, 2, 1) (0, 0, 0, 0, 1, 1) NNY 
(0, 1, 1, 2, 2, 1) (0, 0, 0, 0, 1, 2) NNY 
(0, 1, 1, 2, 2, 1) (0, 0, 1, 0, 0, 0) NNY 
(0, 1, 1, 2, 2, 1) (0, 0, 1, 0, 0, 1) NNY 
(0, 1, 1, 2, 2, 1) (0, 0, 1, 0, 0, 2) NNY 
(0, 1, 1, 2, 2, 1) (0, 0, 1, 0, 1, 1) NNY 
(0, 1, 1, 2, 2, 1) (0, 0, 1, 0, 1, 2) NNY 
(0, 1, 1, 2, 2, 1) (0, 0, 1, 0, 2, 0) NNY 
(0, 1, 1, 2, 2, 1) (0, 0, 1, 0, 2, 1) NNY 
(0, 1, 1, 2, 2, 1) (0, 0, 1, 0, 2, 2) NNY 
(0, 1, 1, 2, 2, 1) (0, 0, 1, 0, 2, 3) NNY 
(0, 1, 1, 2, 2, 1) (0, 1, 0, 1, 0, 0) NNY 
(0, 1, 1, 2, 2, 1) (0, 1, 0, 1, 0, 2) NNY 
(0, 1, 1, 2, 2, 1) (0, 1, 0, 1, 1, 0) NNY 
(0, 1, 1, 2, 2, 1) (0, 1, 0, 1, 1, 1) NNY 
(0, 1, 1, 2, 2, 1) (0, 1, 0, 1, 1, 2) NNY 
(0, 1, 1, 2, 2, 1) (0, 1, 0, 1, 2, 0) NNY 
(0, 1, 1, 2, 2, 1) (0, 1, 0, 1, 2, 1) NNY 
(0, 1, 1, 2, 2, 1) (0, 1, 0, 1, 2, 2) NNY 
(0, 1, 1, 2, 2, 1) (0, 1, 0, 1, 2, 3) NNY 
(0, 1, 1, 2, 2, 1) (0, 1, 1, 1, 0, 0) NNY 
(0, 1, 1, 2, 2, 1) (0, 1, 1, 1, 0, 1) NNY 
(0, 1, 1, 2, 2, 1) (0, 1, 1, 1, 0, 2) NNY 
(0, 1, 1, 2, 2, 1) (0, 1, 1, 1, 1, 0) NNY 
(0, 1, 1, 2, 2, 1) (0, 1, 1, 1, 1, 2) NNY 
(0, 1, 1, 2, 2, 1) (0, 1, 1, 1, 2, 0) NNY 
(0, 1, 1, 2, 2, 1) (0, 1, 1, 1, 2, 1) NNY 
(0, 1, 1, 2, 2, 1) (0, 1, 1, 1, 2, 2) NNY 
(0, 1, 1, 2, 2, 1) (0, 1, 1, 1, 2, 3) NNY 
(0, 1, 1, 2, 2, 1) (0, 1, 2, 1, 0, 0) NNY 
(0, 1, 1, 2, 2, 1) (0, 1, 2, 1, 0, 1) NNY 
(0, 1, 1, 2, 2, 1) (0, 1, 2, 1, 0, 2) NNY 
(0, 1, 1, 2, 2, 1) (0, 1, 2, 1, 0, 3) NNY 
(0, 1, 1, 2, 2, 1) (0, 1, 2, 1, 1, 0) NNY 
(0, 1, 1, 2, 2, 1) (0, 1, 2, 1, 1, 1) NNY 
(0, 1, 1, 2, 2, 1) (0, 1, 2, 1, 1, 2) NNY 
(0, 1, 1, 2, 2, 1) (0, 1, 2, 1, 1, 3) NNY 
(0, 1, 1, 2, 2, 1) (0, 1, 2, 1, 2, 0) NNY 
(0, 1, 1, 2, 2, 1) (0, 1, 2, 1, 2, 2) NNY 
(0, 1, 1, 2, 2, 1) (0, 1, 2, 1, 2, 3) NNY 
(0, 1, 1, 2, 2, 1) (0, 1, 2, 1, 3, 0) NNY 
(0, 1, 1, 2, 2, 1) (0, 1, 2, 1, 3, 1) NNY 
(0, 1, 1, 2, 2, 1) (0, 1, 2, 1, 3, 2) NNY 
(0, 1, 1, 2, 2, 1) (0, 1, 2, 1, 3, 3) NNY 
(0, 1, 1, 2, 2, 1) (0, 1, 2, 1, 3, 4) NNY 
(0, 1, 1, 2, 2, 3) (0, 0, 0, 0, 1, 0) NNY 
(0, 1, 1, 2, 2, 3) (0, 0, 0, 0, 1, 1) NNY 
(0, 1, 1, 2, 2, 3) (0, 0, 0, 0, 1, 2) NNY 
(0, 1, 1, 2, 2, 3) (0, 0, 1, 0, 0, 0) NNY 
(0, 1, 1, 2, 2, 3) (0, 0, 1, 0, 0, 1) NNY 
(0, 1, 1, 2, 2, 3) (0, 0, 1, 0, 0, 2) NNY 
(0, 1, 1, 2, 2, 3) (0, 0, 1, 0, 2, 0) NNY 
(0, 1, 1, 2, 2, 3) (0, 0, 1, 0, 2, 1) NNY 
(0, 1, 1, 2, 2, 3) (0, 0, 1, 0, 2, 2) NNY 
(0, 1, 1, 2, 2, 3) (0, 0, 1, 0, 2, 3) NNY 
(0, 1, 1, 2, 2, 3) (0, 1, 0, 1, 1, 0) NNY 
(0, 1, 1, 2, 2, 3) (0, 1, 0, 1, 1, 1) NNY 
(0, 1, 1, 2, 2, 3) (0, 1, 0, 1, 1, 2) NNY 
(0, 1, 1, 2, 2, 3) (0, 1, 0, 1, 2, 0) NNY 
(0, 1, 1, 2, 2, 3) (0, 1, 0, 1, 2, 1) NNY 
(0, 1, 1, 2, 2, 3) (0, 1, 0, 1, 2, 2) NNY 
(0, 1, 1, 2, 2, 3) (0, 1, 0, 1, 2, 3) NNY 
(0, 1, 1, 2, 2, 3) (0, 1, 1, 1, 0, 0) NNY 
(0, 1, 1, 2, 2, 3) (0, 1, 1, 1, 0, 1) NNY 
(0, 1, 1, 2, 2, 3) (0, 1, 1, 1, 0, 2) NNY 
(0, 1, 1, 2, 2, 3) (0, 1, 1, 1, 2, 0) NNY 
(0, 1, 1, 2, 2, 3) (0, 1, 1, 1, 2, 1) NNY 
(0, 1, 1, 2, 2, 3) (0, 1, 1, 1, 2, 2) NNY 
(0, 1, 1, 2, 2, 3) (0, 1, 1, 1, 2, 3) NNY 
(0, 1, 1, 2, 2, 3) (0, 1, 2, 1, 0, 0) NNY 
(0, 1, 1, 2, 2, 3) (0, 1, 2, 1, 0, 1) NNY 
(0, 1, 1, 2, 2, 3) (0, 1, 2, 1, 0, 2) NNY 
(0, 1, 1, 2, 2, 3) (0, 1, 2, 1, 0, 3) NNY 
(0, 1, 1, 2, 2, 3) (0, 1, 2, 1, 1, 0) NNY 
(0, 1, 1, 2, 2, 3) (0, 1, 2, 1, 1, 1) NNY 
(0, 1, 1, 2, 2, 3) (0, 1, 2, 1, 1, 2) NNY 
(0, 1, 1, 2, 2, 3) (0, 1, 2, 1, 1, 3) NNY 
(0, 1, 1, 2, 2, 3) (0, 1, 2, 1, 3, 0) NNY 
(0, 1, 1, 2, 2, 3) (0, 1, 2, 1, 3, 1) NNY 
(0, 1, 1, 2, 2, 3) (0, 1, 2, 1, 3, 2) NNY 
(0, 1, 1, 2, 2, 3) (0, 1, 2, 1, 3, 3) NNY 
(0, 1, 1, 2, 2, 3) (0, 1, 2, 1, 3, 4) NNY 
(0, 1, 2, 0, 2, 2) (0, 1, 1, 0, 0, 1) NNY 
(0, 1, 2, 0, 2, 2) (0, 1, 1, 1, 0, 1) NNY 
(0, 1, 2, 0, 2, 2) (0, 1, 1, 2, 0, 1) NNY 
(0, 1, 2, 0, 2, 3) (0, 0, 0, 0, 0, 1) NNY 
(0, 1, 2, 0, 2, 3) (0, 0, 0, 1, 0, 1) NNY 
(0, 1, 2, 0, 2, 3) (0, 0, 0, 1, 0, 2) NNY 
(0, 1, 2, 0, 2, 3) (0, 1, 1, 0, 0, 1) NNY 
(0, 1, 2, 0, 2, 3) (0, 1, 1, 0, 0, 2) NNY 
(0, 1, 2, 0, 2, 3) (0, 1, 1, 1, 0, 1) NNY 
(0, 1, 2, 0, 2, 3) (0, 1, 1, 1, 0, 2) NNY 
(0, 1, 2, 0, 2, 3) (0, 1, 1, 2, 0, 1) NNY 
(0, 1, 2, 0, 2, 3) (0, 1, 1, 2, 0, 2) NNY 
(0, 1, 2, 0, 2, 3) (0, 1, 1, 2, 0, 3) NNY 
(0, 1, 2, 0, 3, 0) (0, 0, 1, 0, 0, 0) NNY 
(0, 1, 2, 0, 3, 0) (0, 0, 1, 1, 0, 0) NNY 
(0, 1, 2, 0, 3, 0) (0, 0, 1, 2, 0, 0) NNY 
(0, 1, 2, 0, 3, 0) (0, 1, 2, 0, 0, 0) NNY 
(0, 1, 2, 0, 3, 0) (0, 1, 2, 1, 0, 0) NNY 
(0, 1, 2, 0, 3, 0) (0, 1, 2, 3, 0, 0) NNY 
(0, 1, 2, 0, 3, 1) (0, 0, 1, 0, 0, 0) NNY 
(0, 1, 2, 0, 3, 1) (0, 0, 1, 1, 0, 1) NNY 
(0, 1, 2, 0, 3, 1) (0, 0, 1, 2, 0, 2) NNY 
(0, 1, 2, 0, 3, 1) (0, 1, 1, 0, 0, 0) NNY 
(0, 1, 2, 0, 3, 1) (0, 1, 1, 1, 0, 1) NNY 
(0, 1, 2, 0, 3, 1) (0, 1, 1, 2, 0, 2) NNY 
(0, 1, 2, 0, 3, 1) (0, 1, 2, 0, 0, 0) NNY 
(0, 1, 2, 0, 3, 1) (0, 1, 2, 1, 0, 1) NNY 
(0, 1, 2, 0, 3, 1) (0, 1, 2, 2, 0, 2) NNY 
(0, 1, 2, 0, 3, 1) (0, 1, 2, 3, 0, 3) NNY 
(0, 1, 2, 1, 2, 2) (0, 0, 0, 1, 0, 1) NNY 
(0, 1, 2, 1, 2, 2) (0, 0, 0, 1, 1, 0) NNY 
(0, 1, 2, 1, 2, 2) (0, 1, 1, 0, 0, 1) NNY 
(0, 1, 2, 1, 2, 2) (0, 1, 1, 0, 1, 0) NNY 
(0, 1, 2, 1, 2, 2) (0, 1, 1, 2, 1, 2) NNY 
(0, 1, 2, 1, 2, 2) (0, 1, 1, 2, 2, 1) NNY 
{'abelian': 658, 'copy': 13170, 'NYY': 2724, 'NNN': 2554, 'YYY': 1839, 'NNY': 132, 'NN?': 8}

== 3x2 NNY pairs at n = 5 (follow32_nny5.txt; follow.py 3 2 scan32.txt 5 300000 0 1000000 NNY) ==
The run hit the 600 s timeout before its final stats line. follow.py prints only non-Y results.
The last printed pair is index 108 of the 132 filtered pairs, so at least 109 pairs were processed:
19 N (NNYN, a gap at 5), 6 ? (budget exceeded), every other processed pair Y.
At most 23 pairs were not reached or not reported. Supplementary only.
