(0, 1, 0, 2, 3, 0) (0, 0, 0, 0, 1, 0) NNYN NONMONO
(0, 1, 0, 2, 3, 0) (0, 0, 0, 1, 0, 0) NNYN NONMONO
(0, 1, 0, 2, 3, 0) (0, 0, 0, 1, 2, 0) NNYN NONMONO
(0, 1, 0, 2, 3, 0) (0, 0, 1, 0, 1, 0) NNYN NONMONO
(0, 1, 0, 2, 3, 0) (0, 0, 1, 0, 2, 0) NNYN NONMONO
(0, 1, 0, 2, 3, 0) (0, 0, 1, 1, 0, 0) NNYN NONMONO
(0, 1, 0, 2, 3, 0) (0, 0, 1, 1, 2, 0) NNYN NONMONO
(0, 1, 0, 2, 3, 0) (0, 0, 1, 2, 0, 0) NNYN NONMONO
(0, 1, 0, 2, 3, 0) (0, 0, 1, 2, 1, 0) NNYN NONMONO
(0, 1, 0, 2, 3, 0) (0, 0, 1, 2, 3, 0) NNYN NONMONO
(0, 1, 1, 1, 2, 0) (0, 1, 0, 1, 1, 0) NNY? 
(0, 1, 1, 1, 2, 0) (0, 1, 1, 1, 1, 0) NNY? 
(0, 1, 1, 1, 2, 0) (0, 1, 2, 1, 1, 0) NNY? 
(0, 1, 2, 0, 2, 2) (0, 1, 1, 0, 0, 1) NNY? 
(0, 1, 2, 0, 2, 2) (0, 1, 1, 1, 0, 1) NNY? 
(0, 1, 2, 0, 2, 2) (0, 1, 1, 2, 0, 1) NNY? 
(0, 1, 2, 0, 2, 3) (0, 0, 0, 0, 0, 1) NNYN NONMONO
(0, 1, 2, 0, 2, 3) (0, 0, 0, 1, 0, 1) NNYN NONMONO
(0, 1, 2, 0, 2, 3) (0, 0, 0, 1, 0, 2) NNYN NONMONO
(0, 1, 2, 0, 2, 3) (0, 1, 1, 0, 0, 1) NNYN NONMONO
(0, 1, 2, 0, 2, 3) (0, 1, 1, 0, 0, 2) NNYN NONMONO
(0, 1, 2, 0, 2, 3) (0, 1, 1, 1, 0, 1) NNYN NONMONO
(0, 1, 2, 0, 2, 3) (0, 1, 1, 1, 0, 2) NNYN NONMONO
(0, 1, 2, 0, 2, 3) (0, 1, 1, 2, 0, 1) NNYN NONMONO
(0, 1, 2, 0, 2, 3) (0, 1, 1, 2, 0, 2) NNYN NONMONO
done
