(0, 0, 1, 2, 3, 0) (0, 0, 0, 1, 0, 0) NNYN NONMONO
(0, 0, 1, 2, 3, 0) (0, 0, 0, 1, 1, 0) NNYN NONMONO
(0, 0, 1, 2, 3, 0) (0, 0, 0, 1, 2, 0) NNYN NONMONO
(0, 0, 1, 2, 3, 0) (0, 1, 0, 0, 0, 0) NNYN NONMONO
(0, 0, 1, 2, 3, 0) (0, 1, 0, 0, 1, 0) NNYN NONMONO
(0, 0, 1, 2, 3, 0) (0, 1, 0, 0, 2, 0) NNYN NONMONO
(0, 0, 1, 2, 3, 0) (0, 1, 0, 2, 0, 0) NNYN NONMONO
(0, 0, 1, 2, 3, 0) (0, 1, 0, 2, 1, 0) NNYN NONMONO
(0, 0, 1, 2, 3, 0) (0, 1, 0, 2, 2, 0) NNYN NONMONO
(0, 0, 1, 2, 3, 0) (0, 1, 0, 2, 3, 0) NNYN NONMONO
(0, 1, 1, 2, 0, 3) (0, 0, 0, 0, 0, 1) NNYN NONMONO
(0, 1, 1, 2, 0, 3) (0, 0, 1, 0, 1, 1) NNYN NONMONO
(0, 1, 1, 2, 0, 3) (0, 0, 1, 0, 1, 2) NNYN NONMONO
(0, 1, 1, 2, 0, 3) (0, 1, 0, 0, 0, 1) NNYN NONMONO
(0, 1, 1, 2, 0, 3) (0, 1, 0, 0, 0, 2) NNYN NONMONO
(0, 1, 1, 2, 0, 3) (0, 1, 1, 0, 1, 1) NNYN NONMONO
(0, 1, 1, 2, 0, 3) (0, 1, 1, 0, 1, 2) NNYN NONMONO
(0, 1, 1, 2, 0, 3) (0, 1, 2, 0, 2, 1) NNYN NONMONO
(0, 1, 1, 2, 0, 3) (0, 1, 2, 0, 2, 2) NNYN NONMONO
(0, 1, 1, 2, 0, 3) (0, 1, 2, 0, 2, 3) NNYN NONMONO
(0, 1, 2, 3, 0, 0) (0, 0, 0, 0, 1, 0) NNYN NONMONO
(0, 1, 2, 3, 0, 0) (0, 0, 1, 0, 2, 0) NNYN NONMONO
(0, 1, 2, 3, 0, 0) (0, 1, 0, 0, 1, 0) NNYN NONMONO
(0, 1, 2, 3, 0, 0) (0, 1, 0, 0, 2, 0) NNYN NONMONO
(0, 1, 2, 3, 0, 0) (0, 1, 1, 0, 2, 0) NNYN NONMONO
(0, 1, 2, 3, 0, 0) (0, 1, 2, 0, 3, 0) NNYN NONMONO
(0, 1, 2, 3, 0, 3) (0, 0, 0, 0, 1, 0) NNYN NONMONO
(0, 1, 2, 3, 0, 3) (0, 0, 1, 0, 1, 0) NNYN NONMONO
(0, 1, 2, 3, 0, 3) (0, 0, 1, 0, 2, 0) NNYN NONMONO
(0, 1, 2, 3, 0, 3) (0, 1, 0, 0, 1, 1) NNYN NONMONO
(0, 1, 2, 3, 0, 3) (0, 1, 0, 0, 2, 1) NNYN NONMONO
(0, 1, 2, 3, 0, 3) (0, 1, 1, 0, 1, 1) NNYN NONMONO
(0, 1, 2, 3, 0, 3) (0, 1, 1, 0, 2, 1) NNYN NONMONO
(0, 1, 2, 3, 0, 3) (0, 1, 2, 0, 1, 1) NNYN NONMONO
(0, 1, 2, 3, 0, 3) (0, 1, 2, 0, 2, 1) NNYN NONMONO
(0, 1, 2, 3, 0, 3) (0, 1, 2, 0, 3, 1) NNYN NONMONO
121 {'NNYN': 36, 'NNYY': 85} 362.3914110660553
done
