48 6
1 1 6 -1
0 0 13 -1
4 4 20 -1
5 5 27 -1
2 2 34 -1
3 3 41 -1
7 -1 -1 0
-1 6 -1 8
12 -1 7 9
10 -1 8 -1
-1 9 11 -1
-1 -1 12 10
-1 8 -1 11
14 -1 -1 1
-1 13 -1 15
19 -1 14 16
17 -1 15 -1
-1 16 18 -1
-1 -1 19 17
-1 15 -1 18
21 -1 -1 2
-1 20 -1 22
26 -1 21 23
24 -1 22 -1
-1 23 25 -1
-1 -1 26 24
-1 22 -1 25
28 -1 -1 3
-1 27 -1 29
33 -1 28 30
31 -1 29 -1
-1 30 32 -1
-1 -1 33 31
-1 29 -1 32
35 -1 -1 4
-1 34 -1 36
40 -1 35 37
38 -1 36 -1
-1 37 39 -1
-1 -1 40 38
-1 36 -1 39
42 -1 -1 5
-1 41 -1 43
47 -1 42 44
45 -1 43 -1
-1 44 46 -1
-1 -1 47 45
-1 43 -1 46
0 1 2 3 4 5 6 7 8 1 0 6 9 8 9 6 0 1 8 7 10 11 12 4 2 10 16 13 14 15 5 3 13 17 12 16 10 2 4 12 11 15 17 13 3 5 15 14
0 1 2 3 4 5 2 4 3 1 0 2 5 3 5 2 0 1 3 4 5 3 1 4 2 5 0 4 2 0 5 3 4 1 1 0 5 2 4 1 3 0 1 4 3 5 0 2
69
0 10 1
26 35 1
29 41 1
0 26 0
0 29 0
0 35 0
0 41 0
0 46 0
10 26 0
10 29 0
10 35 0
10 41 0
10 46 0
16 26 0
16 29 0
16 35 0
16 41 0
16 46 0
26 29 0
26 41 0
26 46 0
29 35 0
35 41 0
35 46 0
1 39 0
9 33 0
9 39 0
9 42 0
17 22 0
17 34 0
17 39 0
22 33 0
22 42 0
33 34 0
33 39 0
34 42 0
39 42 0
2 6 0
2 11 0
2 15 0
2 28 0
6 24 0
6 37 0
11 24 0
11 37 0
15 24 0
15 37 0
24 28 0
28 37 0
37 47 0
3 8 0
3 13 0
3 18 0
3 21 0
8 31 0
8 44 0
13 31 0
13 44 0
18 31 0
18 44 0
21 31 0
21 44 0
40 44 0
7 23 0
19 23 0
27 38 0
12 30 0
14 30 0
20 45 0
6
0 1 2 3 4 5 6 7 8 9 10 11 12 13 14 15 16 17 18 19 20 21 22 23 24 25 26 27 28 29 30 31 32 33 34 35 36 37 38 39 40 41 42 43 44 45 46 47
1 0 3 2 5 4 13 14 15 16 17 18 19 6 7 8 9 10 11 12 27 28 29 30 31 32 33 20 21 22 23 24 25 26 41 42 43 44 45 46 47 34 35 36 37 38 39 40
2 4 5 1 3 0 20 21 22 23 24 25 26 34 35 36 37 38 39 40 41 42 43 44 45 46 47 13 14 15 16 17 18 19 27 28 29 30 31 32 33 6 7 8 9 10 11 12
3 5 4 0 2 1 27 28 29 30 31 32 33 41 42 43 44 45 46 47 34 35 36 37 38 39 40 6 7 8 9 10 11 12 20 21 22 23 24 25 26 13 14 15 16 17 18 19
4 2 1 5 0 3 34 35 36 37 38 39 40 20 21 22 23 24 25 26 13 14 15 16 17 18 19 41 42 43 44 45 46 47 6 7 8 9 10 11 12 27 28 29 30 31 32 33
5 3 0 4 1 2 41 42 43 44 45 46 47 27 28 29 30 31 32 33 6 7 8 9 10 11 12 34 35 36 37 38 39 40 13 14 15 16 17 18 19 20 21 22 23 24 25 26
