160 20
1 14 20 -1
3 0 30 -1
5 8 40 -1
7 1 50 -1
9 5 57 -1
4 2 29 -1
12 10 66 -1
14 3 81 -1
2 9 88 -1
8 4 39 -1
6 15 97 -1
15 12 104 -1
11 6 49 -1
19 17 118 -1
0 7 130 -1
10 11 73 -1
17 18 125 -1
13 16 111 -1
16 19 143 -1
18 13 80 -1
21 -1 -1 0
-1 20 -1 22
155 -1 21 23
24 -1 22 -1
-1 23 25 -1
-1 -1 26 24
-1 27 -1 25
26 -1 28 67
-1 29 -1 27
28 -1 -1 5
31 -1 -1 1
-1 30 -1 32
129 -1 31 33
34 -1 32 -1
-1 33 35 -1
-1 -1 36 34
-1 37 -1 35
36 -1 38 98
-1 39 -1 37
38 -1 -1 9
41 -1 -1 2
-1 40 -1 42
56 -1 41 43
44 -1 42 -1
-1 43 45 -1
-1 -1 46 44
-1 47 -1 45
46 -1 48 119
-1 49 -1 47
48 -1 -1 12
51 -1 -1 3
-1 50 -1 52
147 -1 51 53
54 -1 52 -1
-1 53 55 -1
-1 -1 56 54
-1 42 -1 55
58 -1 -1 4
-1 57 -1 59
87 -1 58 60
61 -1 59 -1
-1 60 62 -1
-1 -1 63 61
-1 64 -1 62
63 -1 65 74
-1 66 -1 64
65 -1 -1 6
68 -1 27 -1
-1 67 69 -1
-1 -1 70 68
-1 71 -1 69
70 -1 72 137
-1 73 -1 71
72 -1 -1 15
75 -1 64 -1
-1 74 76 -1
-1 -1 77 75
-1 78 -1 76
77 -1 79 156
-1 80 -1 78
79 -1 -1 19
82 -1 -1 7
-1 81 -1 83
159 -1 82 84
85 -1 83 -1
-1 84 86 -1
-1 -1 87 85
-1 59 -1 86
89 -1 -1 8
-1 88 -1 90
136 -1 89 91
92 -1 90 -1
-1 91 93 -1
-1 -1 94 92
-1 95 -1 93
94 -1 96 105
-1 97 -1 95
96 -1 -1 10
99 -1 37 -1
-1 98 100 -1
-1 -1 101 99
-1 102 -1 100
101 -1 103 112
-1 104 -1 102
103 -1 -1 11
106 -1 95 -1
-1 105 107 -1
-1 -1 108 106
-1 109 -1 107
108 -1 110 148
-1 111 -1 109
110 -1 -1 17
113 -1 102 -1
-1 112 114 -1
-1 -1 115 113
-1 116 -1 114
115 -1 117 126
-1 118 -1 116
117 -1 -1 13
120 -1 47 -1
-1 119 121 -1
-1 -1 122 120
-1 123 -1 121
122 -1 124 144
-1 125 -1 123
124 -1 -1 16
127 -1 116 -1
-1 126 128 -1
-1 -1 129 127
-1 32 -1 128
131 -1 -1 14
-1 130 -1 132
151 -1 131 133
134 -1 132 -1
-1 133 135 -1
-1 -1 136 134
-1 90 -1 135
138 -1 71 -1
-1 137 139 -1
-1 -1 140 138
-1 141 -1 139
140 -1 142 152
-1 143 -1 141
142 -1 -1 18
145 -1 123 -1
-1 144 146 -1
-1 -1 147 145
-1 52 -1 146
149 -1 109 -1
-1 148 150 -1
-1 -1 151 149
-1 132 -1 150
153 -1 141 -1
-1 152 154 -1
-1 -1 155 153
-1 22 -1 154
157 -1 78 -1
-1 156 158 -1
-1 -1 159 157
-1 83 -1 158
0 1 2 3 4 5 6 7 8 9 10 11 12 13 14 15 16 17 18 19 20 21 22 17 13 31 30 29 35 34 23 24 25 18 16 41 40 39 44 43 26 27 28 14 0 20 33 32 50 49 29 30 31 13 19 53 52 32 33 20 0 1 23 42 38 37 36 3 7 39 44 43 55 54 8 2 26 48 47 59 53 39 40 41 16 17 22 21 38 42 23 1 3 29 35 34 46 45 7 14 28 27 26 48 47 5 4 32 50 49 57 22 2 5 34 46 45 51 31 4 9 43 55 54 56 41 10 6 36 58 28 52 53 19 18 25 24 9 8 38 37 36 58 25 15 10 45 51 12 11 47 59 6 12 49 57 11 15 54 56
0 1 2 3 4 5 6 7 8 9 10 11 12 13 14 15 16 17 18 19 2 5 7 17 13 0 2 8 15 11 4 9 14 18 16 1 4 5 11 12 6 12 9 14 0 2 6 10 16 18 8 2 0 13 19 3 8 10 6 2 0 1 4 10 15 19 13 3 7 5 11 12 18 19 8 2 6 13 17 7 3 5 4 1 16 17 7 5 15 10 4 1 3 8 15 11 17 16 7 14 9 12 6 13 17 5 4 10 16 18 14 7 2 5 11 17 16 1 0 4 9 12 18 19 3 1 10 6 13 0 9 8 3 19 18 14 9 9 8 15 19 13 0 14 15 10 16 1 12 11 17 7 6 12 18 14 11 15 19 3
240
0 44 1
0 60 1
25 52 1
25 118 1
44 60 1
52 118 1
129 142 1
1 91 1
35 83 1
61 91 1
83 125 1
2 112 1
75 112 1
67 92 1
80 132 1
106 119 1
37 69 1
105 113 1
6 152 1
120 137 1
0 25 0
0 52 0
0 118 0
0 129 0
0 142 0
25 44 0
25 60 0
25 129 0
25 142 0
44 52 0
44 118 0
44 129 0
44 142 0
52 60 0
52 129 0
52 142 0
60 118 0
60 129 0
60 142 0
118 129 0
118 142 0
1 35 0
1 83 0
1 125 0
35 61 0
35 91 0
35 117 0
35 147 0
61 83 0
61 125 0
83 91 0
83 117 0
83 147 0
91 117 0
91 125 0
91 147 0
117 125 0
125 147 0
2 20 0
2 26 0
2 45 0
2 51 0
2 59 0
20 75 0
20 112 0
26 75 0
26 112 0
45 75 0
45 112 0
51 75 0
51 112 0
59 75 0
59 112 0
3 55 0
3 80 0
3 132 0
55 67 0
55 92 0
55 124 0
55 159 0
67 80 0
67 124 0
67 132 0
67 159 0
80 92 0
80 124 0
80 159 0
92 132 0
124 132 0
132 159 0
4 30 0
4 36 0
4 62 0
4 82 0
4 90 0
30 106 0
30 119 0
36 106 0
36 119 0
62 106 0
62 119 0
82 106 0
82 119 0
90 106 0
90 119 0
5 69 0
21 37 0
21 69 0
21 81 0
21 105 0
37 87 0
37 113 0
69 87 0
69 105 0
69 113 0
81 87 0
81 113 0
87 105 0
6 40 0
6 46 0
6 58 0
6 76 0
6 102 0
40 127 0
40 152 0
46 127 0
46 152 0
58 127 0
58 152 0
76 127 0
76 152 0
102 127 0
102 152 0
7 111 0
22 79 0
22 151 0
68 111 0
79 86 0
79 98 0
79 111 0
86 151 0
98 111 0
98 151 0
111 151 0
8 56 0
8 93 0
8 131 0
27 138 0
50 138 0
56 74 0
56 138 0
74 93 0
74 131 0
93 138 0
131 138 0
9 100 0
31 100 0
31 137 0
42 120 0
42 136 0
100 120 0
100 136 0
100 137 0
120 130 0
130 136 0
136 137 0
10 63 0
10 89 0
10 107 0
47 145 0
57 145 0
63 126 0
63 145 0
89 126 0
89 145 0
107 126 0
107 145 0
11 29 0
11 38 0
11 70 0
11 95 0
11 114 0
29 149 0
29 156 0
38 149 0
38 156 0
70 149 0
70 156 0
95 149 0
95 156 0
114 149 0
114 156 0
12 121 0
39 153 0
41 148 0
71 153 0
101 148 0
121 148 0
121 153 0
13 66 0
13 103 0
24 66 0
24 103 0
53 66 0
53 77 0
53 103 0
32 110 0
32 155 0
43 110 0
43 155 0
99 143 0
110 135 0
110 143 0
135 155 0
143 155 0
15 139 0
28 144 0
64 157 0
88 157 0
94 144 0
139 144 0
139 157 0
16 48 0
16 97 0
34 48 0
34 97 0
48 84 0
84 97 0
84 108 0
23 96 0
23 115 0
85 104 0
18 72 0
33 72 0
33 122 0
49 134 0
72 134 0
54 73 0
65 133 0
133 140 0
20
0 1 2 3 4 5 6 7 8 9 10 11 12 13 14 15 16 17 18 19 20 21 22 23 24 25 26 27 28 29 30 31 32 33 34 35 36 37 38 39 40 41 42 43 44 45 46 47 48 49 50 51 52 53 54 55 56 57 58 59 60 61 62 63 64 65 66 67 68 69 70 71 72 73 74 75 76 77 78 79 80 81 82 83 84 85 86 87 88 89 90 91 92 93 94 95 96 97 98 99 100 101 102 103 104 105 106 107 108 109 110 111 112 113 114 115 116 117 118 119 120 121 122 123 124 125 126 127 128 129 130 131 132 133 134 135 136 137 138 139 140 141 142 143 144 145 146 147 148 149 150 151 152 153 154 155 156 157 158 159
1 3 4 7 8 9 10 14 5 2 15 12 6 16 0 11 19 18 13 17 30 31 32 33 34 35 36 37 38 39 50 51 52 53 54 55 56 42 41 40 57 58 59 60 61 62 63 64 65 66 81 82 83 84 85 86 87 88 89 90 91 92 93 94 95 96 97 98 99 100 101 102 103 104 105 106 107 108 109 110 111 130 131 132 133 134 135 136 29 28 27 67 68 69 70 71 72 73 43 44 45 46 47 48 49 137 138 139 140 141 142 143 119 120 121 122 123 124 125 74 75 76 77 78 79 80 144 145 146 147 20 21 22 23 24 25 26 112 113 114 115 116 117 118 156 157 158 159 152 153 154 155 126 127 128 129 148 149 150 151
2 5 6 4 11 12 13 9 10 15 17 18 19 0 8 16 7 14 3 1 40 41 42 43 44 45 46 47 48 49 29 28 27 67 68 69 70 71 72 73 66 65 64 74 75 76 77 78 79 80 57 58 59 60 61 62 63 104 103 102 112 113 114 115 116 117 118 119 120 121 122 123 124 125 126 127 128 129 32 31 30 39 38 37 98 99 100 101 97 96 95 105 106 107 108 109 110 111 137 138 139 140 141 142 143 148 149 150 151 132 131 130 152 153 154 155 22 21 20 156 157 158 159 83 82 81 23 24 25 26 88 89 90 91 92 93 94 144 145 146 147 52 51 50 84 85 86 87 133 134 135 136 53 54 55 56 33 34 35 36
3 7 8 14 5 2 15 0 9 4 11 6 10 19 1 12 17 13 16 18 50 51 52 53 54 55 56 42 41 40 81 82 83 84 85 86 87 59 58 57 88 89 90 91 92 93 94 95 96 97 130 131 132 133 134 135 136 29 28 27 67 68 69 70 71 72 73 43 44 45 46 47 48 49 137 138 139 140 141 142 143 20 21 22 23 24 25 26 39 38 37 98 99 100 101 102 103 104 60 61 62 63 64 65 66 112 113 114 115 116 117 118 74 75 76 77 78 79 80 105 106 107 108 109 110 111 156 157 158 159 30 31 32 33 34 35 36 119 120 121 122 123 124 125 148 149 150 151 126 127 128 129 144 145 146 147 152 153 154 155
4 9 10 8 12 6 16 2 15 11 18 13 17 1 5 19 14 0 7 3 57 58 59 60 61 62 63 64 65 66 39 38 37 98 99 100 101 102 103 104 97 96 95 105 106 107 108 109 110 111 88 89 90 91 92 93 94 49 48 47 119 120 121 122 123 124 125 74 75 76 77 78 79 80 144 145 146 147 52 51 50 40 41 42 43 44 45 46 73 72 71 137 138 139 140 141 142 143 112 113 114 115 116 117 118 152 153 154 155 22 21 20 126 127 128 129 32 31 30 148 149 150 151 132 131 130 33 34 35 36 29 28 27 67 68 69 70 156 157 158 159 83 82 81 133 134 135 136 23 24 25 26 84 85 86 87 53 54 55 56
5 4 11 9 10 15 17 8 12 6 16 19 13 7 2 18 1 3 0 14 29 28 27 67 68 69 70 71 72 73 57 58 59 60 61 62 63 64 65 66 104 103 102 112 113 114 115 116 117 118 39 38 37 98 99 100 101 97 96 95 105 106 107 108 109 110 111 137 138 139 140 141 142 143 148 149 150 151 132 131 130 88 89 90 91 92 93 94 49 48 47 119 120 121 122 123 124 125 74 75 76 77 78 79 80 144 145 146 147 52 51 50 156 157 158 159 83 82 81 126 127 128 129 32 31 30 84 85 86 87 40 41 42 43 44 45 46 152 153 154 155 22 21 20 33 34 35 36 53 54 55 56 23 24 25 26 133 134 135 136
6 12 13 11 18 19 0 15 17 16 14 3 1 2 10 7 9 8 4 5 66 65 64 74 75 76 77 78 79 80 49 48 47 119 120 121 122 123 124 125 118 117 116 126 127 128 129 32 31 30 104 103 102 112 113 114 115 143 142 141 152 153 154 155 22 21 20 156 157 158 159 83 82 81 23 24 25 26 27 28 29 73 72 71 137 138 139 140 111 110 109 148 149 150 151 132 131 130 144 145 146 147 52 51 50 133 134 135 136 90 89 88 53 54 55 56 42 41 40 33 34 35 36 37 38 39 43 44 45 46 97 96 95 105 106 107 108 84 85 86 87 59 58 57 98 99 100 101 91 92 93 94 60 61 62 63 67 68 69 70
7 14 5 0 9 4 11 1 2 8 12 10 15 17 3 6 18 16 19 13 81 82 83 84 85 86 87 59 58 57 130 131 132 133 134 135 136 90 89 88 29 28 27 67 68 69 70 71 72 73 20 21 22 23 24 25 26 39 38 37 98 99 100 101 102 103 104 60 61 62 63 64 65 66 112 113 114 115 116 117 118 30 31 32 33 34 35 36 40 41 42 43 44 45 46 47 48 49 91 92 93 94 95 96 97 119 120 121 122 123 124 125 105 106 107 108 109 110 111 137 138 139 140 141 142 143 148 149 150 151 50 51 52 53 54 55 56 74 75 76 77 78 79 80 152 153 154 155 144 145 146 147 156 157 158 159 126 127 128 129
8 2 15 5 6 10 19 4 11 12 13 16 18 3 9 17 0 1 14 7 88 89 90 91 92 93 94 95 96 97 40 41 42 43 44 45 46 47 48 49 73 72 71 137 138 139 140 141 142 143 29 28 27 67 68 69 70 66 65 64 74 75 76 77 78 79 80 105 106 107 108 109 110 111 156 157 158 159 83 82 81 57 58 59 60 61 62 63 104 103 102 112 113 114 115 116 117 118 119 120 121 122 123 124 125 126 127 128 129 32 31 30 144 145 146 147 52 51 50 152 153 154 155 22 21 20 53 54 55 56 39 38 37 98 99 100 101 148 149 150 151 132 131 130 23 24 25 26 33 34 35 36 133 134 135 136 84 85 86 87
9 8 12 2 15 11 18 5 6 10 19 17 16 14 4 13 3 7 1 0 39 38 37 98 99 100 101 102 103 104 88 89 90 91 92 93 94 95 96 97 49 48 47 119 120 121 122 123 124 125 40 41 42 43 44 45 46 73 72 71 137 138 139 140 141 142 143 112 113 114 115 116 117 118 152 153 154 155 22 21 20 29 28 27 67 68 69 70 66 65 64 74 75 76 77 78 79 80 105 106 107 108 109 110 111 156 157 158 159 83 82 81 148 149 150 151 132 131 130 144 145 146 147 52 51 50 133 134 135 136 57 58 59 60 61 62 63 126 127 128 129 32 31 30 53 54 55 56 84 85 86 87 33 34 35 36 23 24 25 26
10 6 16 12 13 17 1 11 18 19 0 7 3 4 15 14 2 5 8 9 97 96 95 105 106 107 108 109 110 111 66 65 64 74 75 76 77 78 79 80 125 124 123 144 145 146 147 52 51 50 49 48 47 119 120 121 122 118 117 116 126 127 128 129 32 31 30 148 149 150 151 132 131 130 33 34 35 36 37 38 39 104 103 102 112 113 114 115 143 142 141 152 153 154 155 22 21 20 156 157 158 159 83 82 81 23 24 25 26 27 28 29 84 85 86 87 59 58 57 53 54 55 56 42 41 40 60 61 62 63 73 72 71 137 138 139 140 133 134 135 136 90 89 88 43 44 45 46 67 68 69 70 91 92 93 94 98 99 100 101
11 15 17 10 19 13 7 6 16 18 3 0 14 5 12 1 8 2 9 4 104 103 102 112 113 114 115 116 117 118 73 72 71 137 138 139 140 141 142 143 111 110 109 148 149 150 151 132 131 130 97 96 95 105 106 107 108 80 79 78 156 157 158 159 83 82 81 126 127 128 129 32 31 30 84 85 86 87 59 58 57 66 65 64 74 75 76 77 125 124 123 144 145 146 147 52 51 50 152 153 154 155 22 21 20 53 54 55 56 42 41 40 23 24 25 26 27 28 29 133 134 135 136 90 89 88 67 68 69 70 49 48 47 119 120 121 122 33 34 35 36 37 38 39 91 92 93 94 43 44 45 46 98 99 100 101 60 61 62 63
12 11 18 15 17 16 14 10 19 13 7 1 0 9 6 3 5 4 2 8 49 48 47 119 120 121 122 123 124 125 104 103 102 112 113 114 115 116 117 118 143 142 141 152 153 154 155 22 21 20 73 72 71 137 138 139 140 111 110 109 148 149 150 151 132 131 130 144 145 146 147 52 51 50 133 134 135 136 90 89 88 97 96 95 105 106 107 108 80 79 78 156 157 158 159 83 82 81 126 127 128 129 32 31 30 84 85 86 87 59 58 57 33 34 35 36 37 38 39 23 24 25 26 27 28 29 98 99 100 101 66 65 64 74 75 76 77 53 54 55 56 42 41 40 67 68 69 70 60 61 62 63 43 44 45 46 91 92 93 94
13 19 0 18 3 1 2 16 14 7 8 4 5 6 17 9 15 10 11 12 118 117 116 126 127 128 129 32 31 30 80 79 78 156 157 158 159 83 82 81 20 21 22 23 24 25 26 27 28 29 143 142 141 152 153 154 155 50 51 52 53 54 55 56 42 41 40 33 34 35 36 37 38 39 43 44 45 46 47 48 49 125 124 123 144 145 146 147 130 131 132 133 134 135 136 90 89 88 84 85 86 87 59 58 57 91 92 93 94 95 96 97 60 61 62 63 64 65 66 67 68 69 70 71 72 73 74 75 76 77 111 110 109 148 149 150 151 98 99 100 101 102 103 104 137 138 139 140 105 106 107 108 112 113 114 115 119 120 121 122
14 0 9 1 2 8 12 3 4 5 6 15 11 18 7 10 13 19 17 16 130 131 132 133 134 135 136 90 89 88 20 21 22 23 24 25 26 27 28 29 39 38 37 98 99 100 101 102 103 104 30 31 32 33 34 35 36 40 41 42 43 44 45 46 47 48 49 91 92 93 94 95 96 97 119 120 121 122 123 124 125 50 51 52 53 54 55 56 57 58 59 60 61 62 63 64 65 66 67 68 69 70 71 72 73 74 75 76 77 78 79 80 137 138 139 140 141 142 143 112 113 114 115 116 117 118 152 153 154 155 81 82 83 84 85 86 87 105 106 107 108 109 110 111 126 127 128 129 156 157 158 159 148 149 150 151 144 145 146 147
15 10 19 6 16 18 3 12 13 17 1 14 7 8 11 0 4 9 5 2 73 72 71 137 138 139 140 141 142 143 97 96 95 105 106 107 108 109 110 111 80 79 78 156 157 158 159 83 82 81 66 65 64 74 75 76 77 125 124 123 144 145 146 147 52 51 50 152 153 154 155 22 21 20 53 54 55 56 42 41 40 49 48 47 119 120 121 122 118 117 116 126 127 128 129 32 31 30 148 149 150 151 132 131 130 33 34 35 36 37 38 39 133 134 135 136 90 89 88 84 85 86 87 59 58 57 91 92 93 94 104 103 102 112 113 114 115 23 24 25 26 27 28 29 60 61 62 63 98 99 100 101 67 68 69 70 43 44 45 46
16 17 1 13 7 3 4 19 0 14 5 8 9 10 18 2 11 15 12 6 125 124 123 144 145 146 147 52 51 50 111 110 109 148 149 150 151 132 131 130 30 31 32 33 34 35 36 37 38 39 118 117 116 126 127 128 129 81 82 83 84 85 86 87 59 58 57 53 54 55 56 42 41 40 60 61 62 63 64 65 66 80 79 78 156 157 158 159 20 21 22 23 24 25 26 27 28 29 133 134 135 136 90 89 88 67 68 69 70 71 72 73 91 92 93 94 95 96 97 98 99 100 101 102 103 104 105 106 107 108 143 142 141 152 153 154 155 43 44 45 46 47 48 49 112 113 114 115 137 138 139 140 119 120 121 122 74 75 76 77
17 13 7 19 0 14 5 18 3 1 2 9 4 11 16 8 6 12 10 15 111 110 109 148 149 150 151 132 131 130 118 117 116 126 127 128 129 32 31 30 81 82 83 84 85 86 87 59 58 57 80 79 78 156 157 158 159 20 21 22 23 24 25 26 27 28 29 133 134 135 136 90 89 88 67 68 69 70 71 72 73 143 142 141 152 153 154 155 50 51 52 53 54 55 56 42 41 40 33 34 35 36 37 38 39 43 44 45 46 47 48 49 98 99 100 101 102 103 104 60 61 62 63 64 65 66 112 113 114 115 125 124 123 144 145 146 147 91 92 93 94 95 96 97 74 75 76 77 119 120 121 122 105 106 107 108 137 138 139 140
18 16 14 17 1 0 9 13 7 3 4 2 8 12 19 5 10 6 15 11 143 142 141 152 153 154 155 22 21 20 125 124 123 144 145 146 147 52 51 50 130 131 132 133 134 135 136 90 89 88 111 110 109 148 149 150 151 30 31 32 33 34 35 36 37 38 39 23 24 25 26 27 28 29 98 99 100 101 102 103 104 118 117 116 126 127 128 129 81 82 83 84 85 86 87 59 58 57 53 54 55 56 42 41 40 60 61 62 63 64 65 66 43 44 45 46 47 48 49 91 92 93 94 95 96 97 119 120 121 122 80 79 78 156 157 158 159 67 68 69 70 71 72 73 105 106 107 108 74 75 76 77 137 138 139 140 112 113 114 115
19 18 3 16 14 7 8 17 1 0 9 5 2 15 13 4 12 11 6 10 80 79 78 156 157 158 159 83 82 81 143 142 141 152 153 154 155 22 21 20 50 51 52 53 54 55 56 42 41 40 125 124 123 144 145 146 147 130 131 132 133 134 135 136 90 89 88 84 85 86 87 59 58 57 91 92 93 94 95 96 97 111 110 109 148 149 150 151 30 31 32 33 34 35 36 37 38 39 23 24 25 26 27 28 29 98 99 100 101 102 103 104 67 68 69 70 71 72 73 43 44 45 46 47 48 49 137 138 139 140 118 117 116 126 127 128 129 60 61 62 63 64 65 66 119 120 121 122 112 113 114 115 74 75 76 77 105 106 107 108
