96 12
1 1 12 -1
0 0 22 -1
4 4 32 -1
6 6 42 -1
2 2 52 -1
8 8 62 -1
3 3 71 -1
10 10 61 -1
5 5 51 -1
11 11 21 -1
7 7 41 -1
9 9 31 -1
13 -1 -1 0
-1 12 -1 14
87 -1 13 15
16 -1 14 -1
-1 15 17 -1
-1 -1 18 16
-1 19 -1 17
18 -1 20 84
-1 21 -1 19
20 -1 -1 9
23 -1 -1 1
-1 22 -1 24
95 -1 23 25
26 -1 24 -1
-1 25 27 -1
-1 -1 28 26
-1 29 -1 27
28 -1 30 92
-1 31 -1 29
30 -1 -1 11
33 -1 -1 2
-1 32 -1 34
91 -1 33 35
36 -1 34 -1
-1 35 37 -1
-1 -1 38 36
-1 39 -1 37
38 -1 40 88
-1 41 -1 39
40 -1 -1 10
43 -1 -1 3
-1 42 -1 44
83 -1 43 45
46 -1 44 -1
-1 45 47 -1
-1 -1 48 46
-1 49 -1 47
48 -1 50 80
-1 51 -1 49
50 -1 -1 8
53 -1 -1 4
-1 52 -1 54
79 -1 53 55
56 -1 54 -1
-1 55 57 -1
-1 -1 58 56
-1 59 -1 57
58 -1 60 76
-1 61 -1 59
60 -1 -1 7
63 -1 -1 5
-1 62 -1 64
75 -1 63 65
66 -1 64 -1
-1 65 67 -1
-1 -1 68 66
-1 69 -1 67
68 -1 70 72
-1 71 -1 69
70 -1 -1 6
73 -1 69 -1
-1 72 74 -1
-1 -1 75 73
-1 64 -1 74
77 -1 59 -1
-1 76 78 -1
-1 -1 79 77
-1 54 -1 78
81 -1 49 -1
-1 80 82 -1
-1 -1 83 81
-1 44 -1 82
85 -1 19 -1
-1 84 86 -1
-1 -1 87 85
-1 14 -1 86
89 -1 39 -1
-1 88 90 -1
-1 -1 91 89
-1 34 -1 90
93 -1 29 -1
-1 92 94 -1
-1 -1 95 93
-1 24 -1 94
0 1 2 3 4 5 6 7 8 9 10 11 12 13 14 11 9 17 16 15 33 17 15 16 17 9 11 14 13 12 35 14 18 19 20 7 10 26 25 24 34 26 21 22 23 5 8 30 29 28 32 30 24 25 26 10 7 20 19 18 31 20 23 27 21 3 6 28 32 30 29 28 8 5 23 22 2 4 24 34 6 3 21 27 1 0 12 35 4 2 18 31 0 1 15 33
0 1 2 3 4 5 6 7 8 9 10 11 2 4 8 11 9 10 6 3 7 10 3 6 10 9 11 8 4 2 5 8 5 8 11 7 10 6 0 1 3 6 7 10 9 5 8 4 1 0 2 4 1 0 6 10 7 11 8 5 9 11 9 11 7 3 6 0 2 4 1 0 8 5 9 10 2 4 1 3 6 3 7 11 1 0 2 5 4 2 5 9 0 1 3 7
144
0 85 1
0 92 1
38 53 1
49 67 1
49 71 1
67 71 1
85 92 1
39 78 1
52 78 1
84 93 1
76 89 1
65 81 1
0 38 0
0 49 0
0 53 0
0 67 0
0 71 0
38 49 0
38 67 0
38 71 0
38 85 0
38 92 0
49 53 0
49 85 0
49 92 0
53 67 0
53 71 0
53 85 0
53 92 0
67 85 0
67 92 0
71 85 0
71 92 0
1 78 0
39 48 0
39 70 0
39 93 0
48 52 0
48 78 0
48 84 0
52 70 0
52 93 0
70 78 0
70 84 0
78 84 0
78 93 0
2 12 0
2 29 0
2 50 0
2 86 0
12 76 0
12 89 0
29 76 0
29 89 0
50 76 0
50 89 0
68 76 0
76 86 0
86 89 0
3 19 0
3 22 0
3 40 0
3 94 0
19 65 0
19 81 0
22 65 0
22 81 0
40 65 0
40 81 0
65 79 0
65 94 0
81 94 0
13 47 0
13 51 0
13 69 0
13 88 0
28 47 0
28 51 0
28 69 0
28 88 0
51 77 0
5 30 0
5 32 0
5 59 0
5 90 0
30 45 0
30 73 0
32 45 0
32 73 0
45 59 0
45 87 0
45 90 0
59 73 0
73 90 0
18 37 0
18 41 0
18 54 0
18 80 0
23 37 0
23 41 0
23 54 0
23 80 0
41 66 0
7 20 0
7 42 0
7 64 0
7 82 0
20 35 0
20 56 0
35 42 0
35 64 0
35 82 0
35 95 0
42 56 0
56 64 0
56 82 0
14 33 0
14 58 0
27 33 0
27 58 0
31 33 0
31 46 0
31 58 0
33 72 0
58 72 0
9 44 0
9 60 0
9 62 0
9 74 0
16 44 0
16 60 0
16 62 0
16 74 0
25 44 0
25 60 0
25 62 0
25 74 0
25 91 0
21 36 0
43 55 0
55 75 0
15 63 0
15 83 0
26 61 0
12
0 1 2 3 4 5 6 7 8 9 10 11 12 13 14 15 16 17 18 19 20 21 22 23 24 25 26 27 28 29 30 31 32 33 34 35 36 37 38 39 40 41 42 43 44 45 46 47 48 49 50 51 52 53 54 55 56 57 58 59 60 61 62 63 64 65 66 67 68 69 70 71 72 73 74 75 76 77 78 79 80 81 82 83 84 85 86 87 88 89 90 91 92 93 94 95
1 0 3 2 6 7 4 5 10 11 8 9 22 23 24 25 26 27 28 29 30 31 12 13 14 15 16 17 18 19 20 21 42 43 44 45 46 47 48 49 50 51 32 33 34 35 36 37 38 39 40 41 71 70 69 72 73 74 75 64 63 62 61 60 59 76 77 78 79 54 53 52 55 56 57 58 65 66 67 68 88 89 90 91 92 93 94 95 80 81 82 83 84 85 86 87
2 4 5 1 8 9 0 3 11 10 6 7 32 33 34 35 36 37 38 39 40 41 52 53 54 55 56 57 58 59 60 61 62 63 64 65 66 67 68 69 70 71 22 23 24 25 26 27 28 29 30 31 51 50 49 80 81 82 83 44 43 42 21 20 19 84 85 86 87 14 13 12 15 16 17 18 45 46 47 48 92 93 94 95 88 89 90 91 72 73 74 75 76 77 78 79
3 6 7 0 10 11 1 2 9 8 4 5 42 43 44 45 46 47 48 49 50 51 71 70 69 72 73 74 75 64 63 62 61 60 59 76 77 78 79 54 53 52 12 13 14 15 16 17 18 19 20 21 41 40 39 88 89 90 91 34 33 32 31 30 29 92 93 94 95 24 23 22 25 26 27 28 35 36 37 38 84 85 86 87 80 81 82 83 55 56 57 58 65 66 67 68
4 2 1 5 0 3 8 9 6 7 11 10 52 53 54 55 56 57 58 59 60 61 32 33 34 35 36 37 38 39 40 41 22 23 24 25 26 27 28 29 30 31 62 63 64 65 66 67 68 69 70 71 12 13 14 15 16 17 18 19 20 21 42 43 44 45 46 47 48 49 50 51 80 81 82 83 84 85 86 87 72 73 74 75 76 77 78 79 92 93 94 95 88 89 90 91
5 8 9 4 11 10 2 1 7 6 0 3 62 63 64 65 66 67 68 69 70 71 51 50 49 80 81 82 83 44 43 42 21 20 19 84 85 86 87 14 13 12 52 53 54 55 56 57 58 59 60 61 31 30 29 92 93 94 95 24 23 22 41 40 39 88 89 90 91 34 33 32 35 36 37 38 25 26 27 28 76 77 78 79 72 73 74 75 15 16 17 18 45 46 47 48
6 3 0 7 1 2 10 11 4 5 9 8 71 70 69 72 73 74 75 64 63 62 42 43 44 45 46 47 48 49 50 51 12 13 14 15 16 17 18 19 20 21 61 60 59 76 77 78 79 54 53 52 22 23 24 25 26 27 28 29 30 31 32 33 34 35 36 37 38 39 40 41 88 89 90 91 92 93 94 95 55 56 57 58 65 66 67 68 84 85 86 87 80 81 82 83
7 10 11 6 9 8 3 0 5 4 1 2 61 60 59 76 77 78 79 54 53 52 41 40 39 88 89 90 91 34 33 32 31 30 29 92 93 94 95 24 23 22 71 70 69 72 73 74 75 64 63 62 21 20 19 84 85 86 87 14 13 12 51 50 49 80 81 82 83 44 43 42 45 46 47 48 15 16 17 18 65 66 67 68 55 56 57 58 25 26 27 28 35 36 37 38
8 5 4 9 2 1 11 10 0 3 7 6 51 50 49 80 81 82 83 44 43 42 62 63 64 65 66 67 68 69 70 71 52 53 54 55 56 57 58 59 60 61 21 20 19 84 85 86 87 14 13 12 32 33 34 35 36 37 38 39 40 41 22 23 24 25 26 27 28 29 30 31 92 93 94 95 88 89 90 91 15 16 17 18 45 46 47 48 76 77 78 79 72 73 74 75
9 11 10 8 7 6 5 4 3 0 2 1 21 20 19 84 85 86 87 14 13 12 31 30 29 92 93 94 95 24 23 22 41 40 39 88 89 90 91 34 33 32 51 50 49 80 81 82 83 44 43 42 61 60 59 76 77 78 79 54 53 52 71 70 69 72 73 74 75 64 63 62 65 66 67 68 55 56 57 58 45 46 47 48 15 16 17 18 35 36 37 38 25 26 27 28
10 7 6 11 3 0 9 8 1 2 5 4 41 40 39 88 89 90 91 34 33 32 61 60 59 76 77 78 79 54 53 52 71 70 69 72 73 74 75 64 63 62 31 30 29 92 93 94 95 24 23 22 42 43 44 45 46 47 48 49 50 51 12 13 14 15 16 17 18 19 20 21 84 85 86 87 80 81 82 83 25 26 27 28 35 36 37 38 65 66 67 68 55 56 57 58
11 9 8 10 5 4 7 6 2 1 3 0 31 30 29 92 93 94 95 24 23 22 21 20 19 84 85 86 87 14 13 12 51 50 49 80 81 82 83 44 43 42 41 40 39 88 89 90 91 34 33 32 62 63 64 65 66 67 68 69 70 71 52 53 54 55 56 57 58 59 60 61 76 77 78 79 72 73 74 75 35 36 37 38 25 26 27 28 45 46 47 48 15 16 17 18
