192 24
1 1 24 -1
0 0 34 -1
4 4 44 -1
6 6 54 -1
2 2 64 -1
9 9 74 -1
3 3 84 -1
11 11 94 -1
12 12 43 -1
5 5 63 -1
15 15 33 -1
7 7 53 -1
8 8 120 -1
18 18 130 -1
19 19 73 -1
10 10 144 -1
20 20 154 -1
21 21 93 -1
13 13 83 -1
14 14 163 -1
16 16 103 -1
17 17 139 -1
23 23 129 -1
22 22 153 -1
25 -1 -1 0
-1 24 -1 26
115 -1 25 27
28 -1 26 -1
-1 27 29 -1
-1 -1 30 28
-1 31 -1 29
30 -1 32 112
-1 33 -1 31
32 -1 -1 10
35 -1 -1 1
-1 34 -1 36
107 -1 35 37
38 -1 36 -1
-1 37 39 -1
-1 -1 40 38
-1 41 -1 39
40 -1 42 104
-1 43 -1 41
42 -1 -1 8
45 -1 -1 2
-1 44 -1 46
119 -1 45 47
48 -1 46 -1
-1 47 49 -1
-1 -1 50 48
-1 51 -1 49
50 -1 52 116
-1 53 -1 51
52 -1 -1 11
55 -1 -1 3
-1 54 -1 56
111 -1 55 57
58 -1 56 -1
-1 57 59 -1
-1 -1 60 58
-1 61 -1 59
60 -1 62 108
-1 63 -1 61
62 -1 -1 9
65 -1 -1 4
-1 64 -1 66
143 -1 65 67
68 -1 66 -1
-1 67 69 -1
-1 -1 70 68
-1 71 -1 69
70 -1 72 140
-1 73 -1 71
72 -1 -1 14
75 -1 -1 5
-1 74 -1 76
171 -1 75 77
78 -1 76 -1
-1 77 79 -1
-1 -1 80 78
-1 81 -1 79
80 -1 82 168
-1 83 -1 81
82 -1 -1 18
85 -1 -1 6
-1 84 -1 86
167 -1 85 87
88 -1 86 -1
-1 87 89 -1
-1 -1 90 88
-1 91 -1 89
90 -1 92 164
-1 93 -1 91
92 -1 -1 17
95 -1 -1 7
-1 94 -1 96
179 -1 95 97
98 -1 96 -1
-1 97 99 -1
-1 -1 100 98
-1 101 -1 99
100 -1 102 176
-1 103 -1 101
102 -1 -1 20
105 -1 41 -1
-1 104 106 -1
-1 -1 107 105
-1 36 -1 106
109 -1 61 -1
-1 108 110 -1
-1 -1 111 109
-1 56 -1 110
113 -1 31 -1
-1 112 114 -1
-1 -1 115 113
-1 26 -1 114
117 -1 51 -1
-1 116 118 -1
-1 -1 119 117
-1 46 -1 118
121 -1 -1 12
-1 120 -1 122
187 -1 121 123
124 -1 122 -1
-1 123 125 -1
-1 -1 126 124
-1 127 -1 125
126 -1 128 184
-1 129 -1 127
128 -1 -1 22
131 -1 -1 13
-1 130 -1 132
183 -1 131 133
134 -1 132 -1
-1 133 135 -1
-1 -1 136 134
-1 137 -1 135
136 -1 138 180
-1 139 -1 137
138 -1 -1 21
141 -1 71 -1
-1 140 142 -1
-1 -1 143 141
-1 66 -1 142
145 -1 -1 15
-1 144 -1 146
191 -1 145 147
148 -1 146 -1
-1 147 149 -1
-1 -1 150 148
-1 151 -1 149
150 -1 152 188
-1 153 -1 151
152 -1 -1 23
155 -1 -1 16
-1 154 -1 156
175 -1 155 157
158 -1 156 -1
-1 157 159 -1
-1 -1 160 158
-1 161 -1 159
160 -1 162 172
-1 163 -1 161
162 -1 -1 19
165 -1 91 -1
-1 164 166 -1
-1 -1 167 165
-1 86 -1 166
169 -1 81 -1
-1 168 170 -1
-1 -1 171 169
-1 76 -1 170
173 -1 161 -1
-1 172 174 -1
-1 -1 175 173
-1 156 -1 174
177 -1 101 -1
-1 176 178 -1
-1 -1 179 177
-1 96 -1 178
181 -1 137 -1
-1 180 182 -1
-1 -1 183 181
-1 132 -1 182
185 -1 127 -1
-1 184 186 -1
-1 -1 187 185
-1 122 -1 186
189 -1 151 -1
-1 188 190 -1
-1 -1 191 189
-1 146 -1 190
0 1 2 3 4 5 6 7 8 9 10 11 12 13 14 15 16 17 18 19 20 21 22 23 24 25 26 8 12 54 71 51 50 29 27 28 29 10 15 60 70 47 46 26 30 31 32 14 19 66 68 53 52 38 33 34 35 17 21 65 64 49 48 43 36 37 38 11 7 44 62 59 58 32 39 40 33 3 6 41 69 65 64 49 41 42 43 9 5 39 57 56 63 35 44 45 30 2 4 36 67 66 68 53 22 23 51 50 18 13 56 63 23 22 47 46 20 16 59 58 54 55 27 1 0 24 61 60 70 47 56 57 39 5 9 43 42 41 69 65 16 20 53 52 60 61 24 0 1 27 55 54 71 51 59 62 44 7 11 38 37 36 67 66 13 18 49 48 21 17 35 34 4 2 30 45 19 14 32 31 6 3 33 40 15 10 29 28 12 8 26 25
0 1 2 3 4 5 6 7 8 9 10 11 12 13 14 15 16 17 18 19 20 21 22 23 2 4 13 8 12 11 17 21 20 16 3 6 16 10 15 9 14 19 18 13 5 9 15 14 19 18 22 23 21 17 7 11 12 17 21 20 23 22 19 14 8 12 17 11 7 1 3 6 10 15 0 1 7 3 6 10 16 20 23 22 10 15 14 9 5 0 2 4 8 12 1 0 5 2 4 8 13 18 22 23 22 23 21 20 18 13 4 8 23 22 19 18 20 16 6 10 11 7 3 1 0 2 5 9 14 19 4 2 0 5 9 14 15 10 16 20 16 20 23 21 9 5 2 0 1 3 7 11 17 21 6 3 1 7 11 17 12 8 13 18 13 18 22 19 21 17 12 11 4 2 5 0 19 14 15 9 6 3 7 1 15 10 16 6 12 8 13 4
288
0 124 1
0 147 1
74 89 1
74 132 1
89 132 1
95 175 1
124 147 1
69 94 1
69 156 1
123 148 1
2 97 1
2 173 1
3 77 1
3 181 1
91 110 1
98 172 1
110 130 1
71 118 1
78 180 1
118 154 1
8 27 1
39 127 1
39 144 1
29 151 1
0 74 0
0 89 0
0 95 0
0 132 0
0 175 0
74 95 0
74 124 0
74 147 0
74 175 0
89 95 0
89 124 0
89 147 0
89 175 0
95 124 0
95 132 0
95 147 0
124 132 0
124 175 0
132 147 0
132 175 0
147 175 0
1 69 0
69 75 0
69 123 0
69 148 0
69 183 0
75 94 0
75 123 0
75 156 0
94 148 0
94 183 0
123 183 0
148 156 0
156 183 0
2 24 0
2 90 0
2 125 0
2 131 0
2 146 0
24 97 0
24 173 0
90 97 0
90 173 0
97 125 0
97 131 0
97 146 0
125 173 0
131 173 0
146 173 0
3 34 0
3 70 0
3 122 0
3 149 0
3 155 0
34 77 0
34 181 0
70 77 0
70 181 0
77 122 0
77 149 0
77 155 0
122 181 0
149 181 0
155 181 0
4 110 0
25 91 0
25 110 0
25 130 0
25 172 0
91 98 0
91 191 0
98 110 0
98 130 0
110 172 0
110 191 0
130 191 0
172 191 0
5 44 0
5 126 0
5 145 0
44 88 0
44 133 0
88 126 0
88 145 0
126 133 0
133 145 0
6 118 0
35 71 0
35 118 0
35 154 0
35 180 0
71 78 0
71 187 0
78 118 0
78 154 0
118 180 0
118 187 0
154 187 0
180 187 0
7 54 0
7 121 0
7 150 0
54 68 0
54 157 0
68 121 0
68 150 0
121 157 0
150 157 0
8 64 0
8 92 0
8 99 0
8 111 0
8 161 0
27 64 0
27 92 0
27 99 0
27 111 0
27 161 0
64 189 0
92 189 0
99 189 0
111 189 0
161 189 0
9 39 0
39 45 0
39 87 0
39 134 0
39 179 0
45 87 0
45 127 0
45 144 0
87 179 0
127 134 0
127 179 0
134 144 0
144 179 0
10 72 0
10 79 0
10 84 0
10 137 0
37 72 0
37 79 0
37 84 0
37 119 0
37 137 0
72 185 0
79 185 0
84 185 0
137 185 0
11 29 0
29 55 0
29 67 0
29 158 0
29 171 0
55 67 0
67 171 0
120 158 0
120 171 0
151 158 0
151 171 0
28 93 0
56 65 0
56 160 0
65 93 0
65 170 0
65 188 0
93 160 0
160 170 0
160 188 0
13 43 0
13 100 0
13 162 0
43 109 0
43 164 0
100 109 0
100 164 0
109 162 0
162 164 0
14 40 0
14 63 0
14 86 0
14 128 0
14 135 0
40 47 0
40 177 0
47 63 0
47 86 0
47 128 0
47 135 0
63 177 0
86 177 0
128 177 0
135 177 0
38 73 0
85 184 0
136 184 0
16 33 0
16 80 0
16 138 0
33 117 0
33 140 0
80 117 0
80 140 0
117 138 0
138 140 0
17 30 0
17 53 0
17 152 0
30 57 0
30 169 0
53 57 0
53 169 0
57 152 0
152 169 0
18 49 0
42 49 0
42 108 0
49 108 0
49 115 0
49 165 0
101 115 0
101 165 0
108 115 0
115 163 0
163 165 0
41 62 0
41 167 0
48 129 0
62 114 0
62 129 0
62 176 0
114 167 0
129 167 0
167 176 0
20 59 0
32 59 0
32 116 0
59 107 0
59 116 0
59 141 0
81 107 0
81 141 0
107 116 0
107 139 0
139 141 0
31 52 0
31 143 0
52 106 0
52 153 0
52 168 0
58 153 0
106 143 0
143 153 0
143 168 0
22 83 0
22 102 0
50 104 0
83 104 0
83 113 0
102 104 0
102 113 0
60 112 0
82 112 0
103 105 0
24
0 1 2 3 4 5 6 7 8 9 10 11 12 13 14 15 16 17 18 19 20 21 22 23 24 25 26 27 28 29 30 31 32 33 34 35 36 37 38 39 40 41 42 43 44 45 46 47 48 49 50 51 52 53 54 55 56 57 58 59 60 61 62 63 64 65 66 67 68 69 70 71 72 73 74 75 76 77 78 79 80 81 82 83 84 85 86 87 88 89 90 91 92 93 94 95 96 97 98 99 100 101 102 103 104 105 106 107 108 109 110 111 112 113 114 115 116 117 118 119 120 121 122 123 124 125 126 127 128 129 130 131 132 133 134 135 136 137 138 139 140 141 142 143 144 145 146 147 148 149 150 151 152 153 154 155 156 157 158 159 160 161 162 163 164 165 166 167 168 169 170 171 172 173 174 175 176 177 178 179 180 181 182 183 184 185 186 187 188 189 190 191
1 0 3 2 6 7 4 5 10 11 8 9 15 16 17 12 13 14 20 21 18 19 23 22 34 35 36 37 38 39 40 41 42 43 24 25 26 27 28 29 30 31 32 33 54 55 56 57 58 59 60 61 62 63 44 45 46 47 48 49 50 51 52 53 84 85 86 87 88 89 90 91 92 93 94 95 96 97 98 99 100 101 102 103 64 65 66 67 68 69 70 71 72 73 74 75 76 77 78 79 80 81 82 83 112 113 114 115 116 117 118 119 104 105 106 107 108 109 110 111 144 145 146 147 148 149 150 151 152 153 154 155 156 157 158 159 160 161 162 163 164 165 166 167 120 121 122 123 124 125 126 127 128 129 130 131 132 133 134 135 136 137 138 139 140 141 142 143 176 177 178 179 180 181 182 183 168 169 170 171 172 173 174 175 188 189 190 191 184 185 186 187
2 4 5 8 9 0 12 13 14 1 11 18 19 15 3 7 17 22 10 6 21 23 16 20 44 45 46 47 48 49 50 51 52 53 64 65 66 67 68 69 70 71 72 73 74 75 76 77 78 79 80 81 82 83 43 42 41 104 105 106 107 36 35 34 63 62 61 108 109 110 111 56 55 54 24 25 26 27 28 29 30 31 32 33 120 121 122 123 124 125 126 127 128 129 130 131 132 133 134 135 136 137 138 139 140 141 142 143 37 38 39 40 116 117 118 119 168 169 170 171 163 162 161 172 173 174 175 156 155 154 144 145 146 147 148 149 150 151 152 153 57 58 59 60 94 95 96 97 98 99 100 101 102 103 93 92 91 164 165 166 167 86 85 84 184 185 186 187 112 113 114 115 87 88 89 90 180 181 182 183 188 189 190 191 157 158 159 160 176 177 178 179
3 6 7 10 11 1 15 16 17 0 9 20 21 12 2 5 14 23 8 4 19 22 13 18 54 55 56 57 58 59 60 61 62 63 84 85 86 87 88 89 90 91 92 93 94 95 96 97 98 99 100 101 102 103 33 32 31 112 113 114 115 26 25 24 53 52 51 116 117 118 119 46 45 44 34 35 36 37 38 39 40 41 42 43 144 145 146 147 148 149 150 151 152 153 154 155 156 157 158 159 160 161 162 163 164 165 166 167 27 28 29 30 108 109 110 111 176 177 178 179 139 138 137 180 181 182 183 132 131 130 120 121 122 123 124 125 126 127 128 129 47 48 49 50 74 75 76 77 78 79 80 81 82 83 73 72 71 140 141 142 143 66 65 64 188 189 190 191 104 105 106 107 67 68 69 70 172 173 174 175 184 185 186 187 133 134 135 136 168 169 170 171
4 2 8 5 12 13 9 0 11 18 14 1 7 17 22 19 15 3 21 23 10 6 20 16 64 65 66 67 68 69 70 71 72 73 44 45 46 47 48 49 50 51 52 53 43 42 41 104 105 106 107 36 35 34 74 75 76 77 78 79 80 81 82 83 120 121 122 123 124 125 126 127 128 129 130 131 132 133 134 135 136 137 138 139 63 62 61 108 109 110 111 56 55 54 24 25 26 27 28 29 30 31 32 33 116 117 118 119 168 169 170 171 140 141 142 143 37 38 39 40 94 95 96 97 98 99 100 101 102 103 93 92 91 164 165 166 167 86 85 84 184 185 186 187 163 162 161 172 173 174 175 156 155 154 144 145 146 147 148 149 150 151 152 153 57 58 59 60 180 181 182 183 188 189 190 191 112 113 114 115 87 88 89 90 176 177 178 179 157 158 159 160
5 9 0 14 1 2 19 15 3 4 18 10 6 7 8 13 22 16 11 12 23 20 17 21 74 75 76 77 78 79 80 81 82 83 63 62 61 108 109 110 111 56 55 54 24 25 26 27 28 29 30 31 32 33 73 72 71 140 141 142 143 66 65 64 34 35 36 37 38 39 40 41 42 43 44 45 46 47 48 49 50 51 52 53 163 162 161 172 173 174 175 156 155 154 144 145 146 147 148 149 150 151 152 153 57 58 59 60 67 68 69 70 168 169 170 171 112 113 114 115 84 85 86 87 88 89 90 91 92 93 94 95 96 97 98 99 100 101 102 103 104 105 106 107 130 131 132 133 134 135 136 137 138 139 129 128 127 184 185 186 187 122 121 120 157 158 159 160 116 117 118 119 123 124 125 126 188 189 190 191 176 177 178 179 164 165 166 167 180 181 182 183
6 3 10 7 15 16 11 1 9 20 17 0 5 14 23 21 12 2 19 22 8 4 18 13 84 85 86 87 88 89 90 91 92 93 54 55 56 57 58 59 60 61 62 63 33 32 31 112 113 114 115 26 25 24 94 95 96 97 98 99 100 101 102 103 144 145 146 147 148 149 150 151 152 153 154 155 156 157 158 159 160 161 162 163 53 52 51 116 117 118 119 46 45 44 34 35 36 37 38 39 40 41 42 43 108 109 110 111 176 177 178 179 164 165 166 167 27 28 29 30 74 75 76 77 78 79 80 81 82 83 73 72 71 140 141 142 143 66 65 64 188 189 190 191 139 138 137 180 181 182 183 132 131 130 120 121 122 123 124 125 126 127 128 129 47 48 49 50 172 173 174 175 184 185 186 187 104 105 106 107 67 68 69 70 168 169 170 171 133 134 135 136
7 11 1 17 0 3 21 12 2 6 20 8 4 5 10 16 23 13 9 15 22 18 14 19 94 95 96 97 98 99 100 101 102 103 53 52 51 116 117 118 119 46 45 44 34 35 36 37 38 39 40 41 42 43 93 92 91 164 165 166 167 86 85 84 24 25 26 27 28 29 30 31 32 33 54 55 56 57 58 59 60 61 62 63 139 138 137 180 181 182 183 132 131 130 120 121 122 123 124 125 126 127 128 129 47 48 49 50 87 88 89 90 176 177 178 179 104 105 106 107 64 65 66 67 68 69 70 71 72 73 74 75 76 77 78 79 80 81 82 83 112 113 114 115 154 155 156 157 158 159 160 161 162 163 153 152 151 188 189 190 191 146 145 144 133 134 135 136 108 109 110 111 147 148 149 150 184 185 186 187 168 169 170 171 140 141 142 143 172 173 174 175
8 12 13 11 18 4 7 17 22 2 1 21 23 19 5 0 3 20 14 9 6 16 15 10 43 42 41 104 105 106 107 36 35 34 120 121 122 123 124 125 126 127 128 129 130 131 132 133 134 135 136 137 138 139 53 52 51 116 117 118 119 46 45 44 83 82 81 168 169 170 171 76 75 74 64 65 66 67 68 69 70 71 72 73 94 95 96 97 98 99 100 101 102 103 93 92 91 164 165 166 167 86 85 84 184 185 186 187 47 48 49 50 37 38 39 40 180 181 182 183 153 152 151 188 189 190 191 146 145 144 163 162 161 172 173 174 175 156 155 154 77 78 79 80 24 25 26 27 28 29 30 31 32 33 54 55 56 57 58 59 60 61 62 63 176 177 178 179 140 141 142 143 108 109 110 111 87 88 89 90 157 158 159 160 147 148 149 150 112 113 114 115
9 5 14 0 19 15 1 2 18 10 3 4 13 22 16 6 7 8 23 20 11 12 21 17 63 62 61 108 109 110 111 56 55 54 74 75 76 77 78 79 80 81 82 83 73 72 71 140 141 142 143 66 65 64 24 25 26 27 28 29 30 31 32 33 163 162 161 172 173 174 175 156 155 154 144 145 146 147 148 149 150 151 152 153 34 35 36 37 38 39 40 41 42 43 44 45 46 47 48 49 50 51 52 53 168 169 170 171 112 113 114 115 57 58 59 60 67 68 69 70 130 131 132 133 134 135 136 137 138 139 129 128 127 184 185 186 187 122 121 120 157 158 159 160 84 85 86 87 88 89 90 91 92 93 94 95 96 97 98 99 100 101 102 103 104 105 106 107 188 189 190 191 176 177 178 179 116 117 118 119 123 124 125 126 180 181 182 183 164 165 166 167
10 15 16 9 20 6 5 14 23 3 0 19 22 21 7 1 2 18 17 11 4 13 12 8 33 32 31 112 113 114 115 26 25 24 144 145 146 147 148 149 150 151 152 153 154 155 156 157 158 159 160 161 162 163 63 62 61 108 109 110 111 56 55 54 103 102 101 176 177 178 179 96 95 94 84 85 86 87 88 89 90 91 92 93 74 75 76 77 78 79 80 81 82 83 73 72 71 140 141 142 143 66 65 64 188 189 190 191 57 58 59 60 27 28 29 30 172 173 174 175 129 128 127 184 185 186 187 122 121 120 139 138 137 180 181 182 183 132 131 130 97 98 99 100 34 35 36 37 38 39 40 41 42 43 44 45 46 47 48 49 50 51 52 53 168 169 170 171 164 165 166 167 116 117 118 119 67 68 69 70 133 134 135 136 123 124 125 126 104 105 106 107
11 7 17 1 21 12 0 3 20 8 2 6 16 23 13 4 5 10 22 18 9 15 19 14 53 52 51 116 117 118 119 46 45 44 94 95 96 97 98 99 100 101 102 103 93 92 91 164 165 166 167 86 85 84 34 35 36 37 38 39 40 41 42 43 139 138 137 180 181 182 183 132 131 130 120 121 122 123 124 125 126 127 128 129 24 25 26 27 28 29 30 31 32 33 54 55 56 57 58 59 60 61 62 63 176 177 178 179 104 105 106 107 47 48 49 50 87 88 89 90 154 155 156 157 158 159 160 161 162 163 153 152 151 188 189 190 191 146 145 144 133 134 135 136 64 65 66 67 68 69 70 71 72 73 74 75 76 77 78 79 80 81 82 83 112 113 114 115 184 185 186 187 168 169 170 171 108 109 110 111 147 148 149 150 172 173 174 175 140 141 142 143
12 8 11 13 7 17 18 4 1 21 22 2 0 3 20 23 19 5 6 16 14 9 10 15 120 121 122 123 124 125 126 127 128 129 43 42 41 104 105 106 107 36 35 34 53 52 51 116 117 118 119 46 45 44 130 131 132 133 134 135 136 137 138 139 94 95 96 97 98 99 100 101 102 103 93 92 91 164 165 166 167 86 85 84 83 82 81 168 169 170 171 76 75 74 64 65 66 67 68 69 70 71 72 73 37 38 39 40 180 181 182 183 184 185 186 187 47 48 49 50 24 25 26 27 28 29 30 31 32 33 54 55 56 57 58 59 60 61 62 63 176 177 178 179 153 152 151 188 189 190 191 146 145 144 163 162 161 172 173 174 175 156 155 154 77 78 79 80 87 88 89 90 157 158 159 160 140 141 142 143 108 109 110 111 112 113 114 115 147 148 149 150
13 18 4 22 2 8 23 19 5 12 21 14 9 0 11 17 20 15 1 7 16 10 3 6 130 131 132 133 134 135 136 137 138 139 83 82 81 168 169 170 171 76 75 74 64 65 66 67 68 69 70 71 72 73 129 128 127 184 185 186 187 122 121 120 44 45 46 47 48 49 50 51 52 53 43 42 41 104 105 106 107 36 35 34 153 152 151 188 189 190 191 146 145 144 163 162 161 172 173 174 175 156 155 154 77 78 79 80 123 124 125 126 180 181 182 183 140 141 142 143 63 62 61 108 109 110 111 56 55 54 24 25 26 27 28 29 30 31 32 33 116 117 118 119 93 92 91 164 165 166 167 86 85 84 103 102 101 176 177 178 179 96 95 94 147 148 149 150 37 38 39 40 97 98 99 100 157 158 159 160 112 113 114 115 57 58 59 60 87 88 89 90
14 19 15 18 10 9 13 22 16 5 4 23 20 6 0 2 8 21 3 1 12 17 7 11 73 72 71 140 141 142 143 66 65 64 163 162 161 172 173 174 175 156 155 154 144 145 146 147 148 149 150 151 152 153 83 82 81 168 169 170 171 76 75 74 33 32 31 112 113 114 115 26 25 24 63 62 61 108 109 110 111 56 55 54 130 131 132 133 134 135 136 137 138 139 129 128 127 184 185 186 187 122 121 120 157 158 159 160 77 78 79 80 67 68 69 70 188 189 190 191 103 102 101 176 177 178 179 96 95 94 84 85 86 87 88 89 90 91 92 93 27 28 29 30 44 45 46 47 48 49 50 51 52 53 43 42 41 104 105 106 107 36 35 34 180 181 182 183 57 58 59 60 37 38 39 40 123 124 125 126 164 165 166 167 97 98 99 100 116 117 118 119
15 10 9 16 5 14 20 6 0 19 23 3 1 2 18 22 21 7 4 13 17 11 8 12 144 145 146 147 148 149 150 151 152 153 33 32 31 112 113 114 115 26 25 24 63 62 61 108 109 110 111 56 55 54 154 155 156 157 158 159 160 161 162 163 74 75 76 77 78 79 80 81 82 83 73 72 71 140 141 142 143 66 65 64 103 102 101 176 177 178 179 96 95 94 84 85 86 87 88 89 90 91 92 93 27 28 29 30 172 173 174 175 188 189 190 191 57 58 59 60 34 35 36 37 38 39 40 41 42 43 44 45 46 47 48 49 50 51 52 53 168 169 170 171 129 128 127 184 185 186 187 122 121 120 139 138 137 180 181 182 183 132 131 130 97 98 99 100 67 68 69 70 133 134 135 136 164 165 166 167 116 117 118 119 104 105 106 107 123 124 125 126
16 20 6 23 3 10 22 21 7 15 19 17 11 1 9 14 18 12 0 5 13 8 2 4 154 155 156 157 158 159 160 161 162 163 103 102 101 176 177 178 179 96 95 94 84 85 86 87 88 89 90 91 92 93 153 152 151 188 189 190 191 146 145 144 54 55 56 57 58 59 60 61 62 63 33 32 31 112 113 114 115 26 25 24 129 128 127 184 185 186 187 122 121 120 139 138 137 180 181 182 183 132 131 130 97 98 99 100 147 148 149 150 172 173 174 175 164 165 166 167 53 52 51 116 117 118 119 46 45 44 34 35 36 37 38 39 40 41 42 43 108 109 110 111 73 72 71 140 141 142 143 66 65 64 83 82 81 168 169 170 171 76 75 74 123 124 125 126 27 28 29 30 77 78 79 80 133 134 135 136 104 105 106 107 47 48 49 50 67 68 69 70
17 21 12 20 8 11 16 23 13 7 6 22 18 4 1 3 10 19 2 0 15 14 5 9 93 92 91 164 165 166 167 86 85 84 139 138 137 180 181 182 183 132 131 130 120 121 122 123 124 125 126 127 128 129 103 102 101 176 177 178 179 96 95 94 43 42 41 104 105 106 107 36 35 34 53 52 51 116 117 118 119 46 45 44 154 155 156 157 158 159 160 161 162 163 153 152 151 188 189 190 191 146 145 144 133 134 135 136 97 98 99 100 87 88 89 90 184 185 186 187 83 82 81 168 169 170 171 76 75 74 64 65 66 67 68 69 70 71 72 73 37 38 39 40 54 55 56 57 58 59 60 61 62 63 33 32 31 112 113 114 115 26 25 24 172 173 174 175 47 48 49 50 27 28 29 30 147 148 149 150 140 141 142 143 77 78 79 80 108 109 110 111
18 13 22 4 23 19 2 8 21 14 5 12 17 20 15 9 0 11 16 10 1 7 6 3 83 82 81 168 169 170 171 76 75 74 130 131 132 133 134 135 136 137 138 139 129 128 127 184 185 186 187 122 121 120 64 65 66 67 68 69 70 71 72 73 153 152 151 188 189 190 191 146 145 144 163 162 161 172 173 174 175 156 155 154 44 45 46 47 48 49 50 51 52 53 43 42 41 104 105 106 107 36 35 34 180 181 182 183 140 141 142 143 77 78 79 80 123 124 125 126 93 92 91 164 165 166 167 86 85 84 103 102 101 176 177 178 179 96 95 94 147 148 149 150 63 62 61 108 109 110 111 56 55 54 24 25 26 27 28 29 30 31 32 33 116 117 118 119 157 158 159 160 112 113 114 115 37 38 39 40 97 98 99 100 87 88 89 90 57 58 59 60
19 14 18 15 13 22 10 9 4 23 16 5 2 8 21 20 6 0 12 17 3 1 11 7 163 162 161 172 173 174 175 156 155 154 73 72 71 140 141 142 143 66 65 64 83 82 81 168 169 170 171 76 75 74 144 145 146 147 148 149 150 151 152 153 130 131 132 133 134 135 136 137 138 139 129 128 127 184 185 186 187 122 121 120 33 32 31 112 113 114 115 26 25 24 63 62 61 108 109 110 111 56 55 54 67 68 69 70 188 189 190 191 157 158 159 160 77 78 79 80 44 45 46 47 48 49 50 51 52 53 43 42 41 104 105 106 107 36 35 34 180 181 182 183 103 102 101 176 177 178 179 96 95 94 84 85 86 87 88 89 90 91 92 93 27 28 29 30 123 124 125 126 164 165 166 167 57 58 59 60 37 38 39 40 116 117 118 119 97 98 99 100
20 16 23 6 22 21 3 10 19 17 7 15 14 18 12 11 1 9 13 8 0 5 4 2 103 102 101 176 177 178 179 96 95 94 154 155 156 157 158 159 160 161 162 163 153 152 151 188 189 190 191 146 145 144 84 85 86 87 88 89 90 91 92 93 129 128 127 184 185 186 187 122 121 120 139 138 137 180 181 182 183 132 131 130 54 55 56 57 58 59 60 61 62 63 33 32 31 112 113 114 115 26 25 24 172 173 174 175 164 165 166 167 97 98 99 100 147 148 149 150 73 72 71 140 141 142 143 66 65 64 83 82 81 168 169 170 171 76 75 74 123 124 125 126 53 52 51 116 117 118 119 46 45 44 34 35 36 37 38 39 40 41 42 43 108 109 110 111 133 134 135 136 104 105 106 107 27 28 29 30 77 78 79 80 67 68 69 70 47 48 49 50
21 17 20 12 16 23 8 11 6 22 13 7 3 10 19 18 4 1 15 14 2 0 9 5 139 138 137 180 181 182 183 132 131 130 93 92 91 164 165 166 167 86 85 84 103 102 101 176 177 178 179 96 95 94 120 121 122 123 124 125 126 127 128 129 154 155 156 157 158 159 160 161 162 163 153 152 151 188 189 190 191 146 145 144 43 42 41 104 105 106 107 36 35 34 53 52 51 116 117 118 119 46 45 44 87 88 89 90 184 185 186 187 133 134 135 136 97 98 99 100 54 55 56 57 58 59 60 61 62 63 33 32 31 112 113 114 115 26 25 24 172 173 174 175 83 82 81 168 169 170 171 76 75 74 64 65 66 67 68 69 70 71 72 73 37 38 39 40 147 148 149 150 140 141 142 143 47 48 49 50 27 28 29 30 108 109 110 111 77 78 79 80
22 23 19 21 14 18 17 20 15 13 12 16 10 9 4 8 11 6 5 2 7 3 0 1 129 128 127 184 185 186 187 122 121 120 153 152 151 188 189 190 191 146 145 144 163 162 161 172 173 174 175 156 155 154 139 138 137 180 181 182 183 132 131 130 73 72 71 140 141 142 143 66 65 64 83 82 81 168 169 170 171 76 75 74 93 92 91 164 165 166 167 86 85 84 103 102 101 176 177 178 179 96 95 94 147 148 149 150 133 134 135 136 123 124 125 126 157 158 159 160 33 32 31 112 113 114 115 26 25 24 63 62 61 108 109 110 111 56 55 54 67 68 69 70 43 42 41 104 105 106 107 36 35 34 53 52 51 116 117 118 119 46 45 44 87 88 89 90 77 78 79 80 47 48 49 50 97 98 99 100 57 58 59 60 27 28 29 30 37 38 39 40
23 22 21 19 17 20 14 18 12 16 15 13 8 11 6 10 9 4 7 3 5 2 1 0 153 152 151 188 189 190 191 146 145 144 129 128 127 184 185 186 187 122 121 120 139 138 137 180 181 182 183 132 131 130 163 162 161 172 173 174 175 156 155 154 93 92 91 164 165 166 167 86 85 84 103 102 101 176 177 178 179 96 95 94 73 72 71 140 141 142 143 66 65 64 83 82 81 168 169 170 171 76 75 74 123 124 125 126 157 158 159 160 147 148 149 150 133 134 135 136 43 42 41 104 105 106 107 36 35 34 53 52 51 116 117 118 119 46 45 44 87 88 89 90 33 32 31 112 113 114 115 26 25 24 63 62 61 108 109 110 111 56 55 54 67 68 69 70 97 98 99 100 57 58 59 60 77 78 79 80 47 48 49 50 37 38 39 40 27 28 29 30
