192 24
1 7 24 -1
3 0 34 -1
5 10 44 -1
7 1 54 -1
9 15 64 -1
11 2 74 -1
13 19 84 -1
0 3 94 -1
14 21 53 -1
16 4 93 -1
2 11 112 -1
10 5 122 -1
18 17 43 -1
20 6 73 -1
22 8 121 -1
4 16 144 -1
15 9 154 -1
12 23 63 -1
23 12 33 -1
6 20 163 -1
19 13 153 -1
8 22 83 -1
21 14 131 -1
17 18 103 -1
25 -1 -1 0
-1 24 -1 26
171 -1 25 27
28 -1 26 -1
-1 27 29 -1
-1 -1 30 28
-1 31 -1 29
30 -1 32 168
-1 33 -1 31
32 -1 -1 18
35 -1 -1 1
-1 34 -1 36
135 -1 35 37
38 -1 36 -1
-1 37 39 -1
-1 -1 40 38
-1 41 -1 39
40 -1 42 132
-1 43 -1 41
42 -1 -1 12
45 -1 -1 2
-1 44 -1 46
107 -1 45 47
48 -1 46 -1
-1 47 49 -1
-1 -1 50 48
-1 51 -1 49
50 -1 52 104
-1 53 -1 51
52 -1 -1 8
55 -1 -1 3
-1 54 -1 56
167 -1 55 57
58 -1 56 -1
-1 57 59 -1
-1 -1 60 58
-1 61 -1 59
60 -1 62 164
-1 63 -1 61
62 -1 -1 17
65 -1 -1 4
-1 64 -1 66
139 -1 65 67
68 -1 66 -1
-1 67 69 -1
-1 -1 70 68
-1 71 -1 69
70 -1 72 136
-1 73 -1 71
72 -1 -1 13
75 -1 -1 5
-1 74 -1 76
183 -1 75 77
78 -1 76 -1
-1 77 79 -1
-1 -1 80 78
-1 81 -1 79
80 -1 82 180
-1 83 -1 81
82 -1 -1 21
85 -1 -1 6
-1 84 -1 86
111 -1 85 87
88 -1 86 -1
-1 87 89 -1
-1 -1 90 88
-1 91 -1 89
90 -1 92 108
-1 93 -1 91
92 -1 -1 9
95 -1 -1 7
-1 94 -1 96
191 -1 95 97
98 -1 96 -1
-1 97 99 -1
-1 -1 100 98
-1 101 -1 99
100 -1 102 188
-1 103 -1 101
102 -1 -1 23
105 -1 51 -1
-1 104 106 -1
-1 -1 107 105
-1 46 -1 106
109 -1 91 -1
-1 108 110 -1
-1 -1 111 109
-1 86 -1 110
113 -1 -1 10
-1 112 -1 114
143 -1 113 115
116 -1 114 -1
-1 115 117 -1
-1 -1 118 116
-1 119 -1 117
118 -1 120 140
-1 121 -1 119
120 -1 -1 14
123 -1 -1 11
-1 122 -1 124
187 -1 123 125
126 -1 124 -1
-1 125 127 -1
-1 -1 128 126
-1 129 -1 127
128 -1 130 184
-1 131 -1 129
130 -1 -1 22
133 -1 41 -1
-1 132 134 -1
-1 -1 135 133
-1 36 -1 134
137 -1 71 -1
-1 136 138 -1
-1 -1 139 137
-1 66 -1 138
141 -1 119 -1
-1 140 142 -1
-1 -1 143 141
-1 114 -1 142
145 -1 -1 15
-1 144 -1 146
179 -1 145 147
148 -1 146 -1
-1 147 149 -1
-1 -1 150 148
-1 151 -1 149
150 -1 152 176
-1 153 -1 151
152 -1 -1 20
155 -1 -1 16
-1 154 -1 156
175 -1 155 157
158 -1 156 -1
-1 157 159 -1
-1 -1 160 158
-1 161 -1 159
160 -1 162 172
-1 163 -1 161
162 -1 -1 19
165 -1 61 -1
-1 164 166 -1
-1 -1 167 165
-1 56 -1 166
169 -1 31 -1
-1 168 170 -1
-1 -1 171 169
-1 26 -1 170
173 -1 161 -1
-1 172 174 -1
-1 -1 175 173
-1 156 -1 174
177 -1 151 -1
-1 176 178 -1
-1 -1 179 177
-1 146 -1 178
181 -1 81 -1
-1 180 182 -1
-1 -1 183 181
-1 76 -1 182
185 -1 129 -1
-1 184 186 -1
-1 -1 187 185
-1 124 -1 186
189 -1 101 -1
-1 188 190 -1
-1 -1 191 189
-1 96 -1 190
0 1 2 3 4 5 6 7 8 9 10 11 12 13 14 15 16 17 18 19 20 21 22 23 24 25 26 12 18 45 44 43 66 45 27 28 29 17 12 26 25 24 56 26 30 31 32 21 8 46 52 48 47 46 33 34 35 23 17 29 28 27 65 29 36 37 38 6 13 57 61 59 58 57 39 40 41 22 21 32 31 30 69 32 38 42 36 4 9 49 67 51 50 49 43 44 45 18 23 35 34 33 71 35 10 2 30 69 19 6 38 37 48 52 46 8 14 55 54 53 60 55 53 54 55 14 22 41 40 39 70 41 0 1 27 65 15 4 36 42 11 10 48 47 59 61 57 13 20 64 63 62 68 64 62 63 64 20 19 51 50 49 67 51 1 3 33 71 7 0 24 56 9 16 62 68 16 15 59 58 2 5 39 70 5 11 53 60 3 7 43 66
0 1 2 3 4 5 6 7 8 9 10 11 12 13 14 15 16 17 18 19 20 21 22 23 2 5 19 12 18 22 20 13 21 22 4 9 11 17 12 19 5 2 6 19 6 13 7 21 8 15 3 1 4 15 8 14 16 23 17 11 9 4 10 11 10 2 0 6 13 21 7 3 8 21 12 18 20 22 21 7 13 6 0 7 0 1 10 4 9 17 11 5 12 17 13 20 22 18 23 16 14 8 15 16 10 2 6 0 19 6 0 2 1 3 15 8 14 23 16 9 17 23 9 16 23 14 22 20 18 12 19 20 0 1 4 10 15 4 10 1 11 10 1 4 3 7 21 13 20 18 22 14 23 18 14 22 18 20 19 5 12 17 11 5 1 3 8 15 7 0 2 6 9 16 14 23 16 15 3 8 2 5 12 19 5 11 9 17 3 7 13 21
288
0 132 1
0 169 1
66 84 1
66 110 1
82 107 1
84 110 1
132 169 1
1 164 1
51 112 1
51 142 1
112 142 1
133 164 1
2 180 1
3 188 1
71 144 1
71 178 1
144 178 1
165 188 1
5 184 1
91 159 1
159 163 1
181 184 1
168 189 1
119 186 1
0 66 0
0 82 0
0 84 0
0 107 0
0 110 0
66 82 0
66 107 0
66 132 0
66 169 0
82 84 0
82 110 0
82 132 0
82 169 0
84 107 0
84 132 0
84 169 0
107 110 0
107 132 0
107 169 0
110 132 0
110 169 0
1 51 0
1 112 0
1 142 0
51 85 0
51 133 0
51 139 0
51 164 0
85 112 0
85 142 0
85 164 0
112 133 0
112 139 0
112 164 0
133 142 0
139 142 0
139 164 0
142 164 0
2 24 0
2 41 0
2 65 0
2 170 0
24 105 0
24 180 0
41 105 0
41 180 0
65 105 0
65 180 0
105 170 0
111 180 0
170 180 0
3 71 0
3 144 0
3 178 0
50 71 0
50 144 0
50 178 0
50 188 0
71 113 0
71 165 0
71 188 0
113 144 0
113 178 0
113 188 0
144 165 0
144 188 0
165 178 0
178 188 0
4 34 0
4 52 0
4 61 0
4 134 0
34 87 0
34 137 0
52 87 0
52 137 0
61 87 0
61 137 0
87 134 0
87 143 0
134 137 0
5 91 0
5 159 0
5 163 0
25 91 0
25 159 0
25 163 0
25 184 0
40 91 0
40 159 0
40 163 0
40 184 0
91 181 0
91 184 0
159 181 0
159 184 0
163 181 0
163 184 0
6 42 0
6 44 0
42 67 0
42 109 0
44 67 0
44 109 0
67 171 0
7 79 0
46 70 0
46 145 0
46 189 0
70 79 0
70 83 0
70 168 0
79 145 0
79 168 0
79 189 0
83 145 0
83 189 0
145 168 0
8 54 0
8 72 0
8 101 0
8 166 0
48 54 0
48 72 0
48 101 0
48 166 0
54 115 0
72 115 0
101 115 0
115 166 0
115 179 0
9 119 0
9 122 0
9 186 0
35 119 0
35 122 0
35 172 0
35 186 0
60 119 0
60 122 0
60 172 0
60 186 0
88 119 0
88 122 0
88 186 0
119 172 0
122 172 0
172 186 0
10 62 0
62 104 0
62 141 0
64 141 0
104 135 0
36 90 0
36 162 0
59 90 0
59 162 0
63 90 0
63 162 0
63 185 0
90 140 0
140 162 0
12 74 0
12 92 0
12 129 0
12 182 0
27 74 0
27 92 0
27 129 0
27 160 0
27 182 0
38 74 0
38 92 0
38 129 0
38 182 0
13 31 0
13 94 0
13 190 0
31 68 0
31 147 0
45 147 0
68 94 0
68 190 0
80 147 0
94 147 0
147 190 0
14 151 0
14 154 0
14 174 0
55 125 0
55 151 0
55 154 0
55 174 0
100 125 0
100 151 0
100 154 0
100 174 0
116 151 0
116 154 0
116 174 0
125 151 0
125 154 0
125 174 0
15 102 0
53 177 0
102 136 0
102 177 0
136 167 0
56 118 0
56 123 0
99 118 0
99 123 0
103 118 0
103 123 0
103 173 0
118 176 0
123 176 0
17 120 0
37 120 0
37 187 0
58 93 0
58 120 0
18 149 0
18 153 0
18 156 0
28 149 0
28 153 0
28 156 0
75 97 0
75 149 0
75 153 0
75 156 0
97 128 0
97 149 0
97 153 0
97 156 0
128 149 0
128 153 0
128 156 0
19 130 0
43 158 0
108 130 0
108 183 0
130 158 0
30 76 0
30 127 0
30 131 0
30 157 0
76 95 0
95 127 0
95 131 0
95 157 0
131 148 0
21 32 0
32 47 0
32 78 0
47 191 0
73 78 0
33 126 0
77 150 0
77 155 0
57 152 0
57 175 0
98 121 0
24
0 1 2 3 4 5 6 7 8 9 10 11 12 13 14 15 16 17 18 19 20 21 22 23 24 25 26 27 28 29 30 31 32 33 34 35 36 37 38 39 40 41 42 43 44 45 46 47 48 49 50 51 52 53 54 55 56 57 58 59 60 61 62 63 64 65 66 67 68 69 70 71 72 73 74 75 76 77 78 79 80 81 82 83 84 85 86 87 88 89 90 91 92 93 94 95 96 97 98 99 100 101 102 103 104 105 106 107 108 109 110 111 112 113 114 115 116 117 118 119 120 121 122 123 124 125 126 127 128 129 130 131 132 133 134 135 136 137 138 139 140 141 142 143 144 145 146 147 148 149 150 151 152 153 154 155 156 157 158 159 160 161 162 163 164 165 166 167 168 169 170 171 172 173 174 175 176 177 178 179 180 181 182 183 184 185 186 187 188 189 190 191
1 3 4 7 8 9 10 0 13 14 15 16 17 2 20 21 22 23 12 11 5 6 19 18 34 35 36 37 38 39 40 41 42 43 54 55 56 57 58 59 60 61 62 63 64 65 66 67 68 69 70 71 72 73 94 95 96 97 98 99 100 101 102 103 53 52 51 104 105 106 107 46 45 44 93 92 91 108 109 110 111 86 85 84 112 113 114 115 116 117 118 119 120 121 24 25 26 27 28 29 30 31 32 33 136 137 138 139 140 141 142 143 144 145 146 147 148 149 150 151 152 153 154 155 156 157 158 159 160 161 162 163 164 165 166 167 47 48 49 50 176 177 178 179 83 82 81 180 181 182 183 76 75 74 131 130 129 184 185 186 187 124 123 122 188 189 190 191 132 133 134 135 125 126 127 128 77 78 79 80 87 88 89 90 172 173 174 175 168 169 170 171
2 5 6 11 12 13 0 10 9 18 19 20 21 1 16 17 23 22 8 7 3 4 15 14 44 45 46 47 48 49 50 51 52 53 74 75 76 77 78 79 80 81 82 83 84 85 86 87 88 89 90 91 92 93 122 123 124 125 126 127 128 129 130 131 43 42 41 132 133 134 135 36 35 34 73 72 71 136 137 138 139 66 65 64 24 25 26 27 28 29 30 31 32 33 112 113 114 115 116 117 118 119 120 121 108 109 110 111 168 169 170 171 163 162 161 172 173 174 175 156 155 154 153 152 151 176 177 178 179 146 145 144 180 181 182 183 37 38 39 40 157 158 159 160 63 62 61 164 165 166 167 56 55 54 103 102 101 188 189 190 191 96 95 94 184 185 186 187 104 105 106 107 97 98 99 100 57 58 59 60 67 68 69 70 147 148 149 150 140 141 142 143
3 7 8 0 13 14 15 1 2 20 21 22 23 4 5 6 19 18 17 16 9 10 11 12 54 55 56 57 58 59 60 61 62 63 94 95 96 97 98 99 100 101 102 103 53 52 51 104 105 106 107 46 45 44 24 25 26 27 28 29 30 31 32 33 73 72 71 136 137 138 139 66 65 64 121 120 119 140 141 142 143 114 113 112 144 145 146 147 148 149 150 151 152 153 34 35 36 37 38 39 40 41 42 43 47 48 49 50 176 177 178 179 83 82 81 180 181 182 183 76 75 74 131 130 129 184 185 186 187 124 123 122 188 189 190 191 67 68 69 70 77 78 79 80 84 85 86 87 88 89 90 91 92 93 163 162 161 172 173 174 175 156 155 154 168 169 170 171 164 165 166 167 157 158 159 160 108 109 110 111 115 116 117 118 125 126 127 128 132 133 134 135
4 9 10 16 17 2 1 15 14 12 11 5 6 3 22 23 18 19 13 0 7 8 21 20 64 65 66 67 68 69 70 71 72 73 93 92 91 108 109 110 111 86 85 84 112 113 114 115 116 117 118 119 120 121 154 155 156 157 158 159 160 161 162 163 63 62 61 164 165 166 167 56 55 54 44 45 46 47 48 49 50 51 52 53 34 35 36 37 38 39 40 41 42 43 144 145 146 147 148 149 150 151 152 153 140 141 142 143 132 133 134 135 122 123 124 125 126 127 128 129 130 131 74 75 76 77 78 79 80 81 82 83 87 88 89 90 57 58 59 60 184 185 186 187 103 102 101 188 189 190 191 96 95 94 33 32 31 168 169 170 171 26 25 24 172 173 174 175 136 137 138 139 27 28 29 30 97 98 99 100 104 105 106 107 180 181 182 183 176 177 178 179
5 11 12 10 9 18 19 2 1 16 17 23 22 6 3 4 15 14 21 20 13 0 7 8 74 75 76 77 78 79 80 81 82 83 122 123 124 125 126 127 128 129 130 131 43 42 41 132 133 134 135 36 35 34 112 113 114 115 116 117 118 119 120 121 93 92 91 108 109 110 111 86 85 84 33 32 31 168 169 170 171 26 25 24 163 162 161 172 173 174 175 156 155 154 44 45 46 47 48 49 50 51 52 53 37 38 39 40 157 158 159 160 63 62 61 164 165 166 167 56 55 54 103 102 101 188 189 190 191 96 95 94 184 185 186 187 87 88 89 90 57 58 59 60 64 65 66 67 68 69 70 71 72 73 144 145 146 147 148 149 150 151 152 153 140 141 142 143 180 181 182 183 176 177 178 179 136 137 138 139 27 28 29 30 97 98 99 100 104 105 106 107
6 13 0 20 21 1 2 19 18 8 7 3 4 5 23 22 14 15 9 10 11 12 17 16 84 85 86 87 88 89 90 91 92 93 73 72 71 136 137 138 139 66 65 64 24 25 26 27 28 29 30 31 32 33 153 152 151 176 177 178 179 146 145 144 83 82 81 180 181 182 183 76 75 74 34 35 36 37 38 39 40 41 42 43 44 45 46 47 48 49 50 51 52 53 163 162 161 172 173 174 175 156 155 154 168 169 170 171 104 105 106 107 94 95 96 97 98 99 100 101 102 103 54 55 56 57 58 59 60 61 62 63 67 68 69 70 77 78 79 80 188 189 190 191 131 130 129 184 185 186 187 124 123 122 121 120 119 140 141 142 143 114 113 112 147 148 149 150 108 109 110 111 115 116 117 118 125 126 127 128 132 133 134 135 164 165 166 167 157 158 159 160
7 0 13 1 2 20 21 3 4 5 6 19 18 8 9 10 11 12 23 22 14 15 16 17 94 95 96 97 98 99 100 101 102 103 24 25 26 27 28 29 30 31 32 33 73 72 71 136 137 138 139 66 65 64 34 35 36 37 38 39 40 41 42 43 44 45 46 47 48 49 50 51 52 53 153 152 151 176 177 178 179 146 145 144 83 82 81 180 181 182 183 76 75 74 54 55 56 57 58 59 60 61 62 63 67 68 69 70 77 78 79 80 84 85 86 87 88 89 90 91 92 93 163 162 161 172 173 174 175 156 155 154 168 169 170 171 104 105 106 107 108 109 110 111 112 113 114 115 116 117 118 119 120 121 122 123 124 125 126 127 128 129 130 131 132 133 134 135 188 189 190 191 184 185 186 187 140 141 142 143 147 148 149 150 157 158 159 160 164 165 166 167
8 14 15 22 23 4 3 21 20 17 16 9 10 7 19 18 12 11 2 1 0 13 6 5 53 52 51 104 105 106 107 46 45 44 121 120 119 140 141 142 143 114 113 112 144 145 146 147 148 149 150 151 152 153 131 130 129 184 185 186 187 124 123 122 103 102 101 188 189 190 191 96 95 94 64 65 66 67 68 69 70 71 72 73 54 55 56 57 58 59 60 61 62 63 83 82 81 180 181 182 183 76 75 74 176 177 178 179 164 165 166 167 154 155 156 157 158 159 160 161 162 163 93 92 91 108 109 110 111 86 85 84 115 116 117 118 97 98 99 100 172 173 174 175 33 32 31 168 169 170 171 26 25 24 43 42 41 132 133 134 135 36 35 34 125 126 127 128 47 48 49 50 37 38 39 40 27 28 29 30 136 137 138 139 87 88 89 90 77 78 79 80
9 16 17 15 14 12 11 4 3 22 23 18 19 10 7 8 21 20 6 5 2 1 0 13 93 92 91 108 109 110 111 86 85 84 154 155 156 157 158 159 160 161 162 163 63 62 61 164 165 166 167 56 55 54 144 145 146 147 148 149 150 151 152 153 121 120 119 140 141 142 143 114 113 112 43 42 41 132 133 134 135 36 35 34 122 123 124 125 126 127 128 129 130 131 64 65 66 67 68 69 70 71 72 73 57 58 59 60 184 185 186 187 103 102 101 188 189 190 191 96 95 94 33 32 31 168 169 170 171 26 25 24 172 173 174 175 115 116 117 118 97 98 99 100 53 52 51 104 105 106 107 46 45 44 83 82 81 180 181 182 183 76 75 74 176 177 178 179 87 88 89 90 77 78 79 80 47 48 49 50 37 38 39 40 27 28 29 30 136 137 138 139
10 2 1 5 6 3 4 11 12 13 0 7 8 9 18 19 20 21 14 15 16 17 23 22 112 113 114 115 116 117 118 119 120 121 44 45 46 47 48 49 50 51 52 53 34 35 36 37 38 39 40 41 42 43 74 75 76 77 78 79 80 81 82 83 84 85 86 87 88 89 90 91 92 93 54 55 56 57 58 59 60 61 62 63 64 65 66 67 68 69 70 71 72 73 122 123 124 125 126 127 128 129 130 131 132 133 134 135 136 137 138 139 24 25 26 27 28 29 30 31 32 33 94 95 96 97 98 99 100 101 102 103 104 105 106 107 108 109 110 111 168 169 170 171 163 162 161 172 173 174 175 156 155 154 153 152 151 176 177 178 179 146 145 144 180 181 182 183 140 141 142 143 147 148 149 150 157 158 159 160 164 165 166 167 188 189 190 191 184 185 186 187
11 10 9 2 1 16 17 5 6 3 4 15 14 12 13 0 7 8 22 23 18 19 20 21 122 123 124 125 126 127 128 129 130 131 112 113 114 115 116 117 118 119 120 121 93 92 91 108 109 110 111 86 85 84 44 45 46 47 48 49 50 51 52 53 34 35 36 37 38 39 40 41 42 43 154 155 156 157 158 159 160 161 162 163 63 62 61 164 165 166 167 56 55 54 74 75 76 77 78 79 80 81 82 83 87 88 89 90 57 58 59 60 64 65 66 67 68 69 70 71 72 73 144 145 146 147 148 149 150 151 152 153 140 141 142 143 132 133 134 135 136 137 138 139 24 25 26 27 28 29 30 31 32 33 94 95 96 97 98 99 100 101 102 103 104 105 106 107 184 185 186 187 188 189 190 191 168 169 170 171 172 173 174 175 176 177 178 179 180 181 182 183
12 18 19 23 22 6 5 17 16 21 20 13 0 11 15 14 8 7 1 2 10 9 4 3 43 42 41 132 133 134 135 36 35 34 33 32 31 168 169 170 171 26 25 24 163 162 161 172 173 174 175 156 155 154 103 102 101 188 189 190 191 96 95 94 131 130 129 184 185 186 187 124 123 122 84 85 86 87 88 89 90 91 92 93 74 75 76 77 78 79 80 81 82 83 63 62 61 164 165 166 167 56 55 54 157 158 159 160 180 181 182 183 153 152 151 176 177 178 179 146 145 144 73 72 71 136 137 138 139 66 65 64 27 28 29 30 125 126 127 128 147 148 149 150 121 120 119 140 141 142 143 114 113 112 53 52 51 104 105 106 107 46 45 44 97 98 99 100 37 38 39 40 47 48 49 50 115 116 117 118 108 109 110 111 67 68 69 70 57 58 59 60
13 20 21 19 18 8 7 6 5 23 22 14 15 0 11 12 17 16 4 3 1 2 10 9 73 72 71 136 137 138 139 66 65 64 153 152 151 176 177 178 179 146 145 144 83 82 81 180 181 182 183 76 75 74 163 162 161 172 173 174 175 156 155 154 33 32 31 168 169 170 171 26 25 24 53 52 51 104 105 106 107 46 45 44 94 95 96 97 98 99 100 101 102 103 84 85 86 87 88 89 90 91 92 93 77 78 79 80 188 189 190 191 131 130 129 184 185 186 187 124 123 122 121 120 119 140 141 142 143 114 113 112 147 148 149 150 27 28 29 30 125 126 127 128 43 42 41 132 133 134 135 36 35 34 63 62 61 164 165 166 167 56 55 54 157 158 159 160 67 68 69 70 57 58 59 60 37 38 39 40 47 48 49 50 115 116 117 118 108 109 110 111
14 22 23 21 20 17 16 8 7 19 18 12 11 15 0 13 6 5 10 9 4 3 1 2 121 120 119 140 141 142 143 114 113 112 131 130 129 184 185 186 187 124 123 122 103 102 101 188 189 190 191 96 95 94 83 82 81 180 181 182 183 76 75 74 153 152 151 176 177 178 179 146 145 144 63 62 61 164 165 166 167 56 55 54 154 155 156 157 158 159 160 161 162 163 53 52 51 104 105 106 107 46 45 44 97 98 99 100 172 173 174 175 33 32 31 168 169 170 171 26 25 24 43 42 41 132 133 134 135 36 35 34 125 126 127 128 147 148 149 150 27 28 29 30 73 72 71 136 137 138 139 66 65 64 84 85 86 87 88 89 90 91 92 93 77 78 79 80 115 116 117 118 108 109 110 111 67 68 69 70 57 58 59 60 37 38 39 40 47 48 49 50
15 4 3 9 10 7 8 16 17 2 1 0 13 14 12 11 5 6 20 21 22 23 18 19 144 145 146 147 148 149 150 151 152 153 64 65 66 67 68 69 70 71 72 73 54 55 56 57 58 59 60 61 62 63 93 92 91 108 109 110 111 86 85 84 112 113 114 115 116 117 118 119 120 121 94 95 96 97 98 99 100 101 102 103 53 52 51 104 105 106 107 46 45 44 154 155 156 157 158 159 160 161 162 163 164 165 166 167 47 48 49 50 34 35 36 37 38 39 40 41 42 43 24 25 26 27 28 29 30 31 32 33 136 137 138 139 140 141 142 143 132 133 134 135 122 123 124 125 126 127 128 129 130 131 74 75 76 77 78 79 80 81 82 83 87 88 89 90 176 177 178 179 180 181 182 183 184 185 186 187 188 189 190 191 168 169 170 171 172 173 174 175
16 15 14 4 3 22 23 9 10 7 8 21 20 17 2 1 0 13 19 18 12 11 5 6 154 155 156 157 158 159 160 161 162 163 144 145 146 147 148 149 150 151 152 153 121 120 119 140 141 142 143 114 113 112 64 65 66 67 68 69 70 71 72 73 54 55 56 57 58 59 60 61 62 63 131 130 129 184 185 186 187 124 123 122 103 102 101 188 189 190 191 96 95 94 93 92 91 108 109 110 111 86 85 84 115 116 117 118 97 98 99 100 53 52 51 104 105 106 107 46 45 44 83 82 81 180 181 182 183 76 75 74 176 177 178 179 164 165 166 167 47 48 49 50 34 35 36 37 38 39 40 41 42 43 24 25 26 27 28 29 30 31 32 33 136 137 138 139 172 173 174 175 168 169 170 171 132 133 134 135 125 126 127 128 77 78 79 80 87 88 89 90
17 12 11 18 19 10 9 23 22 6 5 2 1 16 21 20 13 0 3 4 15 14 8 7 63 62 61 164 165 166 167 56 55 54 43 42 41 132 133 134 135 36 35 34 122 123 124 125 126 127 128 129 130 131 33 32 31 168 169 170 171 26 25 24 163 162 161 172 173 174 175 156 155 154 112 113 114 115 116 117 118 119 120 121 93 92 91 108 109 110 111 86 85 84 103 102 101 188 189 190 191 96 95 94 184 185 186 187 87 88 89 90 74 75 76 77 78 79 80 81 82 83 44 45 46 47 48 49 50 51 52 53 37 38 39 40 157 158 159 160 180 181 182 183 153 152 151 176 177 178 179 146 145 144 73 72 71 136 137 138 139 66 65 64 27 28 29 30 57 58 59 60 67 68 69 70 147 148 149 150 140 141 142 143 104 105 106 107 97 98 99 100
18 23 22 17 16 21 20 12 11 15 14 8 7 19 10 9 4 3 0 13 6 5 2 1 33 32 31 168 169 170 171 26 25 24 103 102 101 188 189 190 191 96 95 94 131 130 129 184 185 186 187 124 123 122 63 62 61 164 165 166 167 56 55 54 154 155 156 157 158 159 160 161 162 163 83 82 81 180 181 182 183 76 75 74 153 152 151 176 177 178 179 146 145 144 43 42 41 132 133 134 135 36 35 34 125 126 127 128 147 148 149 150 121 120 119 140 141 142 143 114 113 112 53 52 51 104 105 106 107 46 45 44 97 98 99 100 172 173 174 175 115 116 117 118 93 92 91 108 109 110 111 86 85 84 64 65 66 67 68 69 70 71 72 73 57 58 59 60 27 28 29 30 136 137 138 139 87 88 89 90 77 78 79 80 47 48 49 50 37 38 39 40
19 6 5 13 0 11 12 20 21 1 2 10 9 18 8 7 3 4 16 17 23 22 14 15 163 162 161 172 173 174 175 156 155 154 84 85 86 87 88 89 90 91 92 93 74 75 76 77 78 79 80 81 82 83 73 72 71 136 137 138 139 66 65 64 24 25 26 27 28 29 30 31 32 33 122 123 124 125 126 127 128 129 130 131 43 42 41 132 133 134 135 36 35 34 153 152 151 176 177 178 179 146 145 144 180 181 182 183 37 38 39 40 44 45 46 47 48 49 50 51 52 53 112 113 114 115 116 117 118 119 120 121 108 109 110 111 168 169 170 171 104 105 106 107 94 95 96 97 98 99 100 101 102 103 54 55 56 57 58 59 60 61 62 63 67 68 69 70 157 158 159 160 164 165 166 167 188 189 190 191 184 185 186 187 140 141 142 143 147 148 149 150
20 19 18 6 5 23 22 13 0 11 12 17 16 21 1 2 10 9 15 14 8 7 3 4 153 152 151 176 177 178 179 146 145 144 163 162 161 172 173 174 175 156 155 154 33 32 31 168 169 170 171 26 25 24 84 85 86 87 88 89 90 91 92 93 74 75 76 77 78 79 80 81 82 83 103 102 101 188 189 190 191 96 95 94 131 130 129 184 185 186 187 124 123 122 73 72 71 136 137 138 139 66 65 64 27 28 29 30 125 126 127 128 43 42 41 132 133 134 135 36 35 34 63 62 61 164 165 166 167 56 55 54 157 158 159 160 180 181 182 183 37 38 39 40 44 45 46 47 48 49 50 51 52 53 112 113 114 115 116 117 118 119 120 121 108 109 110 111 147 148 149 150 140 141 142 143 104 105 106 107 97 98 99 100 57 58 59 60 67 68 69 70
21 8 7 14 15 0 13 22 23 4 3 1 2 20 17 16 9 10 5 6 19 18 12 11 83 82 81 180 181 182 183 76 75 74 53 52 51 104 105 106 107 46 45 44 94 95 96 97 98 99 100 101 102 103 121 120 119 140 141 142 143 114 113 112 144 145 146 147 148 149 150 151 152 153 24 25 26 27 28 29 30 31 32 33 73 72 71 136 137 138 139 66 65 64 131 130 129 184 185 186 187 124 123 122 188 189 190 191 67 68 69 70 54 55 56 57 58 59 60 61 62 63 34 35 36 37 38 39 40 41 42 43 47 48 49 50 176 177 178 179 164 165 166 167 154 155 156 157 158 159 160 161 162 163 93 92 91 108 109 110 111 86 85 84 115 116 117 118 77 78 79 80 87 88 89 90 172 173 174 175 168 169 170 171 132 133 134 135 125 126 127 128
22 21 20 8 7 19 18 14 15 0 13 6 5 23 4 3 1 2 11 12 17 16 9 10 131 130 129 184 185 186 187 124 123 122 83 82 81 180 181 182 183 76 75 74 153 152 151 176 177 178 179 146 145 144 53 52 51 104 105 106 107 46 45 44 94 95 96 97 98 99 100 101 102 103 163 162 161 172 173 174 175 156 155 154 33 32 31 168 169 170 171 26 25 24 121 120 119 140 141 142 143 114 113 112 147 148 149 150 27 28 29 30 73 72 71 136 137 138 139 66 65 64 84 85 86 87 88 89 90 91 92 93 77 78 79 80 188 189 190 191 67 68 69 70 54 55 56 57 58 59 60 61 62 63 34 35 36 37 38 39 40 41 42 43 47 48 49 50 125 126 127 128 132 133 134 135 164 165 166 167 157 158 159 160 108 109 110 111 115 116 117 118
23 17 16 12 11 15 14 18 19 10 9 4 3 22 6 5 2 1 7 8 21 20 13 0 103 102 101 188 189 190 191 96 95 94 63 62 61 164 165 166 167 56 55 54 154 155 156 157 158 159 160 161 162 163 43 42 41 132 133 134 135 36 35 34 122 123 124 125 126 127 128 129 130 131 144 145 146 147 148 149 150 151 152 153 121 120 119 140 141 142 143 114 113 112 33 32 31 168 169 170 171 26 25 24 172 173 174 175 115 116 117 118 93 92 91 108 109 110 111 86 85 84 64 65 66 67 68 69 70 71 72 73 57 58 59 60 184 185 186 187 87 88 89 90 74 75 76 77 78 79 80 81 82 83 44 45 46 47 48 49 50 51 52 53 37 38 39 40 97 98 99 100 104 105 106 107 180 181 182 183 176 177 178 179 136 137 138 139 27 28 29 30
