49 20 560
0 0 1 -1
2 -1 -1 0
-1 1 -1 3
-1 -1 2 4
5 -1 3 -1
-1 4 6 -1
-1 -1 7 5
-1 8 -1 6
7 -1 9 -1
-1 10 -1 8
9 -1 -1 11
12 -1 10 -1
-1 11 13 -1
14 -1 -1 12
-1 13 -1 15
16 -1 14 -1
-1 15 -1 17
-1 -1 16 18
-1 19 17 -1
18 -1 20 -1
21 -1 48 19
-1 20 -1 22
-1 -1 21 23
-1 24 22 -1
23 -1 25 -1
-1 -1 26 24
-1 27 -1 25
26 -1 -1 28
29 -1 27 -1
-1 28 30 -1
31 -1 -1 29
-1 30 -1 32
-1 -1 31 33
34 -1 32 -1
-1 33 35 -1
-1 -1 36 34
-1 37 -1 35
36 -1 -1 38
39 -1 37 -1
-1 38 40 -1
-1 -1 41 39
-1 42 -1 40
41 -1 43 -1
-1 44 -1 42
43 -1 -1 45
-1 46 44 -1
45 -1 47 -1
48 -1 -1 46
-1 47 -1 20
0 1 2 3 4 5 6 7 8 9 10 11 12 13 14 15 16 17 18 19 8 7 6 5 4 3 2 1 0 0 1 2 3 4 5 6 7 8 19 18 17 16 15 14 13 12 11 10 9
0 1 0 2 0
0 3 0 2 0
0 4 0 4 1
0 6 0 2 0
0 7 0 3 0
0 9 0 2 0
0 11 0 8 2
0 13 0 2 0
0 15 0 3 0
0 17 0 2 0
0 18 0 7 1
0 20 0 3 0
0 22 0 2 0
0 23 0 4 1
0 25 0 2 0
0 26 0 2 0
0 28 1 38 3
0 30 0 2 0
0 32 0 2 0
0 33 0 4 1
0 35 0 2 0
0 36 0 2 0
0 38 0 7 1
0 40 0 2 0
0 41 0 3 0
0 43 0 2 0
0 45 0 16 2
0 47 0 2 0
1 4 0 2 0
1 5 0 1 0
1 8 0 4 1
1 11 0 2 0
1 12 0 1 0
1 15 0 4 1
1 18 0 1 0
1 19 0 2 0
1 23 0 1 0
1 24 0 2 0
1 28 0 2 0
1 29 0 1 0
1 33 0 2 0
1 34 0 1 0
1 38 0 2 0
1 39 0 1 0
1 42 0 4 1
1 45 0 1 0
1 46 0 2 0
2 3 0 2 0
2 4 0 1 0
2 6 0 2 0
2 8 0 1 0
2 10 0 2 0
2 11 0 1 0
2 13 0 2 0
2 15 0 1 0
2 17 0 2 0
2 19 0 1 0
2 20 0 2 0
2 22 0 2 0
2 24 0 1 0
2 25 0 2 0
2 27 0 2 0
2 28 0 1 0
2 30 0 2 0
2 32 0 2 0
2 33 0 1 0
2 35 0 2 0
2 37 0 2 0
2 38 0 1 0
2 40 0 2 0
2 42 0 1 0
2 44 0 2 0
2 46 0 1 0
2 47 0 2 0
3 7 0 2 0
3 9 0 3 0
3 10 0 4 1
3 13 0 2 1
3 14 0 3 0
3 16 0 2 0
3 21 0 2 0
3 26 0 2 0
3 27 0 4 1
3 30 0 2 1
3 31 0 2 0
3 36 0 2 0
3 37 0 9 2
3 41 0 2 0
3 43 0 3 0
3 44 0 2 1
3 47 0 4 1
3 48 0 3 0
4 7 0 1 0
4 9 0 1 0
4 10 0 2 0
4 13 0 2 0
4 14 0 1 0
4 16 0 1 0
4 21 0 1 0
4 26 0 1 0
4 27 0 2 0
4 30 0 2 0
4 31 0 1 0
4 36 0 1 0
4 37 0 2 0
4 41 0 1 0
4 43 0 1 0
4 44 0 2 0
4 47 0 2 0
4 48 0 1 0
5 6 0 2 0
5 8 0 2 0
5 10 0 1 0
5 11 0 2 1
5 13 0 1 0
5 15 0 2 0
5 17 0 2 0
5 19 0 4 1
5 20 0 2 0
5 22 0 2 0
5 24 0 4 1
5 25 0 2 0
5 27 0 1 0
5 28 0 2 1
5 30 0 1 0
5 32 0 2 0
5 33 0 4 1
5 35 0 2 0
5 37 0 1 0
5 38 0 2 1
5 40 0 2 0
5 42 0 2 0
5 44 0 1 0
5 46 0 2 1
5 47 0 1 0
6 8 0 3 1
6 11 0 2 0
6 12 0 2 0
6 15 0 3 1
6 18 0 2 0
6 19 0 2 0
6 23 0 2 0
6 24 0 2 0
6 28 0 2 0
6 29 0 2 0
6 33 0 2 0
6 34 0 2 0
6 38 0 2 0
6 39 0 2 0
6 42 0 3 1
6 45 0 2 0
6 46 0 2 0
7 8 0 1 0
7 11 0 1 0
7 12 0 3 0
7 15 0 1 0
7 18 0 3 0
7 19 0 1 0
7 23 0 3 0
7 24 0 1 0
7 28 0 1 0
7 29 0 3 0
7 33 0 1 0
7 34 0 3 0
7 38 0 1 0
7 39 0 3 0
7 42 0 1 0
7 45 0 3 0
7 46 0 1 0
8 9 0 1 0
8 12 0 2 0
8 14 0 1 0
8 16 0 1 0
8 17 0 3 1
8 18 0 2 0
8 21 0 1 0
8 22 0 6 1
8 23 0 2 0
8 25 0 8 2
8 26 0 1 0
8 29 0 2 0
8 31 0 1 0
8 32 0 4 2
8 34 0 2 0
8 35 0 6 1
8 36 0 1 0
8 39 0 2 0
8 40 0 3 1
8 41 0 1 0
8 43 0 1 0
8 45 0 2 0
8 48 0 1 0
9 11 0 1 0
9 12 0 2 0
9 15 0 1 0
9 18 0 2 0
9 19 0 1 0
9 23 0 2 0
9 24 0 1 0
9 28 0 1 0
9 29 0 2 0
9 33 0 1 0
9 34 0 2 0
9 38 0 1 0
9 39 0 2 0
9 42 0 1 0
9 45 0 2 0
9 46 0 1 0
10 12 0 1 0
10 14 0 3 0
10 16 0 2 0
10 17 0 2 1
10 18 0 1 0
10 21 0 2 0
10 22 0 2 1
10 23 0 1 0
10 25 0 4 1
10 26 0 2 0
10 29 0 1 0
10 31 0 2 0
10 32 0 4 1
10 34 0 1 0
10 35 0 2 1
10 36 0 2 0
10 39 0 1 0
10 40 0 2 1
10 41 0 2 0
10 43 0 3 0
10 45 0 1 0
10 48 0 3 0
11 13 0 2 0
11 14 0 1 0
11 16 0 1 0
11 21 0 1 0
11 26 0 1 0
11 27 0 2 0
11 30 0 2 0
11 31 0 1 0
11 36 0 1 0
11 37 0 2 0
11 41 0 1 0
11 43 0 1 0
11 44 0 2 0
11 47 0 2 0
11 48 0 1 0
12 13 0 1 0
12 15 0 2 0
12 17 0 2 0
12 19 0 4 1
12 20 0 2 0
12 22 0 2 0
12 24 0 2 1
12 25 0 2 0
12 27 0 1 0
12 28 0 4 2
12 30 0 1 0
12 32 0 2 0
12 33 0 2 1
12 35 0 2 0
12 37 0 1 0
12 38 0 4 1
12 40 0 2 0
12 42 0 2 0
12 44 0 1 0
12 46 0 16 2
12 47 0 1 0
13 15 0 3 1
13 18 0 1 0
13 19 0 2 0
13 23 0 1 0
13 24 0 2 0
13 28 0 2 0
13 29 0 1 0
13 33 0 2 0
13 34 0 1 0
13 38 0 2 0
13 39 0 1 0
13 42 0 3 1
13 45 0 1 0
13 46 0 2 0
14 15 0 1 0
14 17 0 2 0
14 19 0 1 0
14 20 0 3 0
14 22 0 2 0
14 24 0 1 0
14 25 0 3 0
14 27 0 3 0
14 28 0 1 0
14 30 0 2 0
14 32 0 3 0
14 33 0 1 0
14 35 0 2 0
14 37 0 3 0
14 38 0 1 0
14 40 0 2 0
14 42 0 1 0
14 44 0 2 0
14 46 0 1 0
14 47 0 3 0
15 16 0 1 0
15 21 0 1 0
15 26 0 1 0
15 27 0 4 1
15 30 0 4 1
15 31 0 1 0
15 36 0 1 0
15 37 0 9 2
15 41 0 1 0
15 43 0 1 0
15 44 0 3 1
15 47 0 4 1
15 48 0 1 0
16 17 0 2 0
16 19 0 1 0
16 20 0 2 0
16 22 0 2 0
16 24 0 1 0
16 25 0 2 0
16 27 0 2 0
16 28 0 1 0
16 30 0 2 0
16 32 0 2 0
16 33 0 1 0
16 35 0 2 0
16 37 0 2 0
16 38 0 1 0
16 40 0 2 0
16 42 0 1 0
16 44 0 2 0
16 46 0 1 0
16 47 0 2 0
17 21 0 2 0
17 26 0 2 0
17 27 0 2 1
17 30 0 7 1
17 31 0 2 0
17 36 0 2 0
17 37 0 2 1
17 41 0 2 0
17 43 0 2 0
17 44 0 7 1
17 47 0 2 1
17 48 0 2 0
18 21 0 3 0
18 26 0 2 0
18 27 0 1 0
18 30 0 1 0
18 31 0 2 0
18 36 0 2 0
18 37 0 1 0
18 41 0 3 0
18 43 0 2 0
18 44 0 1 0
18 47 0 1 0
18 48 0 2 0
19 21 0 1 0
19 22 0 2 0
19 25 0 2 0
19 26 0 1 0
19 29 0 5 1
19 31 0 1 0
19 32 0 2 0
19 34 0 7 1
19 35 0 2 0
19 36 0 1 0
19 39 0 4 1
19 40 0 2 0
19 41 0 1 0
19 43 0 1 0
19 45 0 4 1
19 48 0 1 0
20 23 0 2 0
20 24 0 3 0
20 28 0 3 0
20 29 0 2 0
20 33 0 3 0
20 34 0 2 0
20 38 0 3 0
20 39 0 2 0
20 42 0 9 2
20 45 0 2 0
20 46 0 3 0
21 22 0 2 0
21 24 0 1 0
21 25 0 2 0
21 27 0 2 0
21 28 0 1 0
21 30 0 2 0
21 32 0 2 0
21 33 0 1 0
21 35 0 2 0
21 37 0 2 0
21 38 0 1 0
21 40 0 2 0
21 42 0 1 0
21 44 0 2 0
21 46 0 1 0
21 47 0 2 0
22 26 0 2 0
22 27 0 2 1
22 30 0 4 1
22 31 0 2 0
22 36 0 2 0
22 37 0 2 1
22 41 0 2 0
22 43 0 2 0
22 44 0 4 1
22 47 0 2 1
23 26 0 2 0
23 27 0 1 0
23 30 0 1 0
23 31 0 2 0
23 36 0 2 0
23 37 0 1 0
23 41 0 3 0
23 43 0 2 0
23 44 0 1 0
23 47 0 1 0
23 48 0 2 0
24 25 0 2 0
24 26 0 1 0
24 29 0 2 1
24 31 0 1 0
24 32 0 2 0
24 34 0 7 1
24 35 0 2 0
24 36 0 1 0
24 39 0 4 1
24 40 0 2 0
24 41 0 1 0
24 43 0 1 0
24 45 0 2 1
24 48 0 1 0
25 28 0 2 0
25 29 0 2 0
25 33 0 2 0
25 34 0 2 0
25 38 0 2 0
25 39 0 2 0
25 42 0 4 2
25 45 0 2 0
25 46 0 2 0
26 28 0 1 0
26 29 0 2 0
26 33 0 1 0
26 34 0 2 0
26 38 0 1 0
26 39 0 2 0
26 42 0 1 0
26 45 0 2 0
26 46 0 1 0
27 29 0 1 0
27 31 0 2 0
27 32 0 4 1
27 34 0 1 0
27 35 0 2 1
27 36 0 2 0
27 39 0 1 0
27 40 0 2 1
27 41 0 2 0
27 43 0 3 0
27 45 0 1 0
28 30 0 2 0
28 31 0 1 0
28 36 0 1 0
28 37 0 2 0
28 41 0 1 0
28 43 0 1 0
28 44 0 2 0
28 47 0 2 0
28 48 0 1 0
29 30 0 1 0
29 32 0 2 0
29 33 0 2 1
29 35 0 2 0
29 37 0 1 0
29 38 0 5 1
29 40 0 2 0
29 42 0 2 0
29 44 0 1 0
29 47 0 1 0
30 33 0 2 0
30 34 0 1 0
30 38 0 2 0
30 39 0 1 0
30 42 0 4 1
30 45 0 1 0
30 46 0 2 0
31 32 0 2 0
31 33 0 1 0
31 35 0 2 0
31 37 0 2 0
31 38 0 1 0
31 40 0 2 0
31 42 0 1 0
31 44 0 2 0
31 46 0 1 0
31 47 0 2 0
32 36 0 2 0
32 37 0 6 2
32 41 0 2 0
32 43 0 3 0
32 44 0 2 1
32 47 0 4 1
33 36 0 1 0
33 37 0 2 0
33 41 0 1 0
33 43 0 1 0
33 44 0 2 0
33 47 0 2 0
33 48 0 1 0
34 35 0 2 0
34 37 0 1 0
34 38 0 2 1
34 40 0 2 0
34 42 0 2 0
34 44 0 1 0
34 46 0 2 1
34 47 0 1 0
35 38 0 2 0
35 39 0 2 0
35 42 0 4 1
35 45 0 2 0
35 46 0 2 0
36 38 0 1 0
36 39 0 2 0
36 42 0 1 0
36 45 0 2 0
36 46 0 1 0
37 39 0 1 0
37 40 0 2 1
37 41 0 2 0
37 43 0 3 0
37 45 0 1 0
38 41 0 1 0
38 43 0 1 0
38 44 0 2 0
38 47 0 2 0
38 48 0 1 0
39 40 0 2 0
39 42 0 2 0
39 44 0 1 0
39 46 0 2 1
39 47 0 1 0
40 42 0 3 1
40 45 0 2 0
40 46 0 2 0
41 42 0 1 0
41 45 0 3 0
41 46 0 1 0
42 43 0 1 0
42 45 0 2 0
42 48 0 1 0
43 45 0 2 0
43 46 0 1 0
44 45 0 1 0
45 47 0 1 0
45 48 0 2 0
46 48 0 1 0
