20 8 88
0 0 1 -1
2 -1 -1 0
-1 1 -1 3
-1 -1 2 4
5 -1 3 -1
-1 4 6 -1
-1 -1 7 5
-1 8 -1 6
7 -1 9 19
-1 10 -1 8
9 -1 -1 11
12 -1 10 -1
-1 11 13 -1
14 -1 -1 12
-1 13 -1 15
16 -1 14 -1
-1 15 -1 17
-1 -1 16 18
-1 19 17 -1
18 -1 8 -1
0 1 2 3 4 5 6 7 3 2 1 0 0 1 2 3 7 6 5 4
0 1 0 2 0
0 3 0 2 0
0 4 0 4 1
0 6 0 2 0
0 7 0 3 0
0 9 0 2 0
0 11 1 16 2
0 13 0 2 0
0 15 0 3 0
0 17 0 2 0
0 18 0 7 1
1 4 0 2 0
1 5 0 1 0
1 11 0 2 0
1 12 0 1 0
1 15 0 4 1
1 18 0 1 0
1 19 0 2 0
2 3 0 2 0
2 4 0 1 0
2 6 0 2 0
2 8 0 2 0
2 10 0 2 0
2 11 0 1 0
2 13 0 2 0
2 15 0 1 0
2 17 0 2 0
2 19 0 1 0
3 7 0 2 0
3 9 0 3 0
3 10 0 4 1
3 13 0 2 1
3 14 0 3 0
3 16 0 2 0
4 7 0 1 0
4 9 0 1 0
4 10 0 2 0
4 13 0 2 0
4 14 0 1 0
4 16 0 1 0
5 6 0 2 0
5 8 0 2 0
5 10 0 1 0
5 11 0 2 1
5 13 0 1 0
5 15 0 2 0
5 17 0 2 0
5 19 0 7 1
6 11 0 2 0
6 12 0 2 0
6 15 0 4 1
6 18 0 2 0
6 19 0 2 0
7 11 0 1 0
7 12 0 3 0
7 15 0 1 0
7 18 0 3 0
7 19 0 1 0
8 12 0 2 0
8 14 0 3 0
8 16 0 2 0
8 17 0 4 1
8 18 0 2 0
9 11 0 1 0
9 12 0 2 0
9 15 0 1 0
9 18 0 2 0
9 19 0 1 0
10 12 0 1 0
10 14 0 3 0
10 16 0 2 0
10 17 0 2 1
10 18 0 1 0
11 13 0 2 0
11 14 0 1 0
11 16 0 1 0
12 13 0 1 0
12 15 0 2 0
12 17 0 2 0
13 15 0 3 1
13 18 0 1 0
13 19 0 2 0
14 15 0 1 0
14 17 0 2 0
14 19 0 1 0
15 16 0 1 0
16 17 0 2 0
16 19 0 1 0
