96 12
1 3 12 -1
3 0 22 -1
5 9 29 -1
0 1 21 -1
6 10 43 -1
9 2 53 -1
10 4 60 -1
8 11 67 -1
11 7 77 -1
2 5 38 -1
4 6 52 -1
7 8 76 -1
13 -1 -1 0
-1 12 -1 14
28 -1 13 15
16 -1 14 -1
-1 15 17 -1
-1 -1 18 16
-1 19 -1 17
18 -1 20 39
-1 21 -1 19
20 -1 -1 3
23 -1 -1 1
-1 22 -1 24
42 -1 23 25
26 -1 24 -1
-1 25 27 -1
-1 -1 28 26
-1 14 -1 27
30 -1 -1 2
-1 29 -1 31
59 -1 30 32
33 -1 31 -1
-1 32 34 -1
-1 -1 35 33
-1 36 -1 34
35 -1 37 84
-1 38 -1 36
37 -1 -1 9
40 -1 19 -1
-1 39 41 -1
-1 -1 42 40
-1 24 -1 41
44 -1 -1 4
-1 43 -1 45
66 -1 44 46
47 -1 45 -1
-1 46 48 -1
-1 -1 49 47
-1 50 -1 48
49 -1 51 88
-1 52 -1 50
51 -1 -1 10
54 -1 -1 5
-1 53 -1 55
87 -1 54 56
57 -1 55 -1
-1 56 58 -1
-1 -1 59 57
-1 31 -1 58
61 -1 -1 6
-1 60 -1 62
91 -1 61 63
64 -1 62 -1
-1 63 65 -1
-1 -1 66 64
-1 45 -1 65
68 -1 -1 7
-1 67 -1 69
83 -1 68 70
71 -1 69 -1
-1 70 72 -1
-1 -1 73 71
-1 74 -1 72
73 -1 75 92
-1 76 -1 74
75 -1 -1 11
78 -1 -1 8
-1 77 -1 79
95 -1 78 80
81 -1 79 -1
-1 80 82 -1
-1 -1 83 81
-1 69 -1 82
85 -1 36 -1
-1 84 86 -1
-1 -1 87 85
-1 55 -1 86
89 -1 50 -1
-1 88 90 -1
-1 -1 91 89
-1 62 -1 90
93 -1 74 -1
-1 92 94 -1
-1 -1 95 93
-1 79 -1 94
0 1 2 3 4 5 6 7 8 9 10 11 12 13 14 3 0 12 16 15 20 14 15 16 12 0 1 15 20 17 18 19 9 2 17 25 24 33 19 1 3 14 13 21 22 23 10 4 21 27 26 34 23 24 25 17 2 5 24 33 26 27 21 4 6 26 34 28 29 30 11 7 28 32 31 35 30 31 32 28 7 8 31 35 5 9 19 18 6 10 23 22 8 11 30 29
0 1 2 3 4 5 6 7 8 9 10 11 2 5 7 3 0 2 6 4 8 7 4 6 2 0 1 4 8 6 10 11 9 2 6 0 3 7 11 1 3 7 5 8 11 9 10 4 8 1 0 2 9 3 0 6 2 5 3 7 0 1 8 4 6 0 2 5 9 10 11 7 5 3 1 4 10 1 3 5 7 8 1 4 5 9 11 10 6 10 9 11 8 11 10 9
144
0 16 1
0 25 1
16 25 1
35 54 1
50 60 1
50 65 1
60 65 1
74 77 1
74 82 1
77 82 1
2 33 1
2 56 1
0 35 0
0 50 0
0 54 0
0 60 0
0 65 0
16 35 0
16 50 0
16 54 0
16 60 0
16 65 0
25 35 0
25 50 0
25 54 0
25 60 0
25 65 0
35 50 0
35 60 0
35 65 0
50 54 0
54 60 0
54 65 0
1 74 0
1 77 0
1 82 0
26 74 0
26 77 0
26 82 0
39 49 0
39 61 0
39 74 0
39 77 0
39 82 0
49 74 0
49 77 0
49 82 0
61 74 0
61 77 0
61 82 0
2 12 0
2 17 0
2 24 0
2 51 0
2 66 0
12 33 0
12 56 0
17 33 0
17 56 0
24 33 0
24 56 0
33 51 0
33 66 0
51 56 0
56 66 0
3 58 0
15 58 0
15 73 0
15 78 0
36 40 0
36 73 0
36 78 0
40 53 0
40 58 0
53 73 0
53 78 0
58 73 0
58 78 0
4 19 0
4 22 0
4 27 0
4 75 0
4 83 0
19 47 0
19 63 0
22 47 0
22 63 0
27 47 0
27 63 0
47 75 0
47 83 0
63 75 0
63 83 0
5 67 0
13 67 0
13 72 0
13 79 0
13 84 0
42 67 0
42 72 0
42 79 0
42 84 0
57 67 0
67 84 0
6 29 0
18 88 0
23 88 0
29 64 0
29 88 0
7 21 0
7 37 0
7 59 0
21 71 0
21 80 0
37 71 0
37 80 0
59 71 0
59 80 0
8 43 0
20 92 0
28 92 0
43 81 0
43 92 0
9 90 0
32 68 0
32 90 0
32 95 0
45 85 0
45 95 0
52 85 0
52 95 0
68 90 0
85 90 0
90 95 0
30 46 0
30 94 0
46 87 0
69 87 0
76 87 0
76 89 0
87 94 0
38 93 0
44 70 0
70 91 0
12
0 1 2 3 4 5 6 7 8 9 10 11 12 13 14 15 16 17 18 19 20 21 22 23 24 25 26 27 28 29 30 31 32 33 34 35 36 37 38 39 40 41 42 43 44 45 46 47 48 49 50 51 52 53 54 55 56 57 58 59 60 61 62 63 64 65 66 67 68 69 70 71 72 73 74 75 76 77 78 79 80 81 82 83 84 85 86 87 88 89 90 91 92 93 94 95
1 3 4 0 7 6 8 2 5 10 11 9 22 23 24 25 26 27 28 14 13 12 21 20 19 39 40 41 42 43 44 45 46 47 48 49 50 51 52 15 16 17 18 67 68 69 70 71 72 73 74 75 76 60 61 62 63 64 65 66 77 78 79 80 81 82 83 29 30 31 32 33 34 35 36 37 38 53 54 55 56 57 58 59 88 89 90 91 92 93 94 95 84 85 86 87
2 5 6 9 3 10 0 11 7 4 1 8 29 30 31 32 33 34 35 36 37 38 53 54 55 56 57 58 59 60 61 62 63 64 65 66 45 44 43 84 85 86 87 21 20 19 39 40 41 42 24 23 22 52 51 50 88 89 90 91 12 13 14 15 16 17 18 76 75 74 92 93 94 95 79 78 77 67 68 69 70 71 72 73 46 47 48 49 25 26 27 28 80 81 82 83
3 0 7 1 2 8 5 4 6 11 9 10 21 20 19 39 40 41 42 24 23 22 12 13 14 15 16 17 18 67 68 69 70 71 72 73 74 75 76 25 26 27 28 29 30 31 32 33 34 35 36 37 38 77 78 79 80 81 82 83 53 54 55 56 57 58 59 43 44 45 46 47 48 49 50 51 52 60 61 62 63 64 65 66 92 93 94 95 84 85 86 87 88 89 90 91
4 6 8 10 0 11 1 9 2 7 3 5 43 44 45 46 47 48 49 50 51 52 60 61 62 63 64 65 66 77 78 79 80 81 82 83 69 68 67 88 89 90 91 12 13 14 15 16 17 18 19 20 21 76 75 74 92 93 94 95 22 23 24 25 26 27 28 38 37 36 84 85 86 87 55 54 53 29 30 31 32 33 34 35 70 71 72 73 39 40 41 42 56 57 58 59
5 9 3 2 11 0 7 6 10 1 8 4 53 54 55 56 57 58 59 31 30 29 38 37 36 84 85 86 87 21 20 19 39 40 41 42 24 23 22 32 33 34 35 76 75 74 92 93 94 95 79 78 77 12 13 14 15 16 17 18 67 68 69 70 71 72 73 60 61 62 63 64 65 66 45 44 43 52 51 50 88 89 90 91 25 26 27 28 80 81 82 83 46 47 48 49
6 10 0 4 9 1 2 8 11 3 5 7 60 61 62 63 64 65 66 45 44 43 52 51 50 88 89 90 91 12 13 14 15 16 17 18 19 20 21 46 47 48 49 38 37 36 84 85 86 87 55 54 53 22 23 24 25 26 27 28 29 30 31 32 33 34 35 77 78 79 80 81 82 83 69 68 67 76 75 74 92 93 94 95 39 40 41 42 56 57 58 59 70 71 72 73
7 8 5 11 1 9 3 10 4 2 0 6 67 68 69 70 71 72 73 74 75 76 77 78 79 80 81 82 83 53 54 55 56 57 58 59 31 30 29 92 93 94 95 22 23 24 25 26 27 28 14 13 12 38 37 36 84 85 86 87 21 20 19 39 40 41 42 52 51 50 88 89 90 91 62 61 60 43 44 45 46 47 48 49 32 33 34 35 15 16 17 18 63 64 65 66
8 11 1 7 10 3 4 5 9 0 6 2 77 78 79 80 81 82 83 69 68 67 76 75 74 92 93 94 95 22 23 24 25 26 27 28 14 13 12 70 71 72 73 52 51 50 88 89 90 91 62 61 60 21 20 19 39 40 41 42 43 44 45 46 47 48 49 53 54 55 56 57 58 59 31 30 29 38 37 36 84 85 86 87 15 16 17 18 63 64 65 66 32 33 34 35
9 2 11 5 6 7 10 3 0 8 4 1 38 37 36 84 85 86 87 55 54 53 29 30 31 32 33 34 35 76 75 74 92 93 94 95 79 78 77 56 57 58 59 60 61 62 63 64 65 66 45 44 43 67 68 69 70 71 72 73 52 51 50 88 89 90 91 21 20 19 39 40 41 42 24 23 22 12 13 14 15 16 17 18 80 81 82 83 46 47 48 49 25 26 27 28
10 4 9 6 8 2 11 0 1 5 7 3 52 51 50 88 89 90 91 62 61 60 43 44 45 46 47 48 49 38 37 36 84 85 86 87 55 54 53 63 64 65 66 77 78 79 80 81 82 83 69 68 67 29 30 31 32 33 34 35 76 75 74 92 93 94 95 12 13 14 15 16 17 18 19 20 21 22 23 24 25 26 27 28 56 57 58 59 70 71 72 73 39 40 41 42
11 7 10 8 5 4 9 1 3 6 2 0 76 75 74 92 93 94 95 79 78 77 67 68 69 70 71 72 73 52 51 50 88 89 90 91 62 61 60 80 81 82 83 53 54 55 56 57 58 59 31 30 29 43 44 45 46 47 48 49 38 37 36 84 85 86 87 22 23 24 25 26 27 28 14 13 12 21 20 19 39 40 41 42 63 64 65 66 32 33 34 35 15 16 17 18
