# midn j 2 n 12 count 40 seed 212 smax 3 timeout 3600 lawset all
PA [10, 8, 6, 3, 5, 2, 1, 9, 11, 4, 7, 0] PB [3, 6, 10, 1, 5, 0, 7, 4, 2, 9, 11, 8] law 2 :: s 1 tested 1044 saving-hist: 0:1044
PA [2, 3, 11, 8, 5, 1, 7, 4, 10, 0, 9, 6] PB [11, 10, 4, 7, 0, 3, 9, 6, 1, 2, 5, 8] law 2 :: s 1 tested 1044 saving-hist: 0:1044
PA [6, 10, 8, 11, 7, 1, 0, 2, 4, 9, 5, 3] PB [2, 4, 3, 9, 7, 0, 5, 10, 8, 1, 6, 11] law 2 :: s 1 tested 1044 saving-hist: 0:1044
PA [11, 7, 0, 6, 9, 3, 2, 4, 10, 8, 1, 5] PB [3, 2, 1, 5, 6, 4, 10, 9, 0, 8, 11, 7] law 2 :: s 1 tested 1044 saving-hist: 0:1044
PA [7, 0, 8, 6, 10, 11, 9, 3, 2, 4, 5, 1] PB [11, 8, 2, 5, 4, 7, 10, 9, 0, 3, 6, 1] law 2 :: s 1 tested 1044 saving-hist: 0:1044
PA [0, 2, 1, 6, 11, 7, 9, 4, 8, 3, 5, 10] PB [1, 7, 11, 4, 2, 9, 3, 5, 6, 8, 0, 10] law 2 :: s 1 tested 1044 saving-hist: 0:1044
PA [9, 5, 3, 0, 10, 7, 4, 11, 6, 1, 2, 8] PB [4, 0, 8, 6, 5, 9, 7, 2, 10, 1, 3, 11] law 2 :: s 1 tested 1044 saving-hist: 0:1044
PA [9, 1, 0, 10, 7, 3, 2, 8, 5, 4, 6, 11] PB [3, 2, 11, 8, 5, 6, 9, 10, 4, 1, 7, 0] law 2 :: s 1 tested 1044 saving-hist: 0:1044
PA [9, 2, 10, 6, 5, 8, 0, 7, 1, 4, 3, 11] PB [4, 1, 8, 5, 7, 0, 9, 6, 3, 11, 2, 10] law 2 :: s 1 tested 1044 saving-hist: 0:1044
PA [11, 3, 0, 9, 8, 6, 10, 4, 1, 2, 7, 5] PB [11, 1, 3, 9, 10, 7, 0, 6, 5, 2, 8, 4] law 2 :: s 1 tested 1044 saving-hist: 0:1044
PA [5, 11, 8, 6, 2, 9, 10, 7, 3, 4, 1, 0] PB [10, 5, 0, 6, 8, 2, 7, 11, 1, 9, 3, 4] law 3 :: s 1 tested 1044 saving-hist: 0:1044 | s 2 tested 544446 saving-hist: 0:544446
PA [8, 4, 5, 7, 9, 10, 3, 1, 2, 0, 11, 6] PB [5, 3, 7, 6, 8, 2, 0, 11, 10, 9, 4, 1] law 2 :: s 1 tested 1044 saving-hist: 0:1044
PA [1, 0, 3, 7, 2, 6, 8, 5, 10, 4, 11, 9] PB [7, 9, 2, 10, 5, 3, 0, 1, 8, 11, 4, 6] law 3 :: s 1 tested 1044 saving-hist: 0:1044 | s 2 tested 544446 saving-hist: 0:544446
PA [3, 0, 11, 1, 8, 6, 7, 10, 4, 2, 9, 5] PB [0, 6, 7, 10, 5, 8, 4, 11, 2, 1, 9, 3] law 2 :: s 1 tested 1044 saving-hist: 0:1044
PA [7, 8, 11, 4, 1, 2, 10, 5, 6, 9, 0, 3] PB [1, 5, 9, 11, 7, 0, 8, 4, 3, 2, 6, 10] law 2 :: s 1 tested 1044 saving-hist: 0:1044
PA [1, 0, 8, 7, 10, 5, 2, 9, 4, 6, 11, 3] PB [5, 7, 6, 11, 2, 9, 0, 4, 1, 3, 10, 8] law 2 :: s 1 tested 1044 saving-hist: 0:1044
PA [9, 11, 6, 4, 2, 0, 7, 8, 1, 5, 3, 10] PB [4, 1, 5, 0, 2, 8, 9, 10, 11, 7, 6, 3] law 3 :: s 1 tested 1044 saving-hist: 0:1044 | s 2 tested 544446 saving-hist: 0:544446
PA [9, 11, 2, 8, 7, 3, 6, 1, 5, 4, 10, 0] PB [8, 7, 6, 1, 2, 0, 10, 3, 4, 5, 9, 11] law 3 :: s 1 tested 1044 saving-hist: 0:1044 | s 2 tested 544446 saving-hist: 0:544446
PA [4, 0, 6, 8, 3, 1, 9, 5, 11, 2, 7, 10] PB [3, 6, 2, 9, 7, 5, 11, 4, 1, 0, 10, 8] law 3 :: s 1 tested 1044 saving-hist: 0:1044 | s 2 tested 544446 saving-hist: 0:544446
PA [3, 1, 6, 9, 11, 0, 2, 4, 8, 10, 5, 7] PB [11, 5, 10, 2, 1, 9, 8, 7, 6, 4, 0, 3] law 2 :: s 1 tested 1044 saving-hist: 0:1044
PA [8, 7, 2, 9, 1, 0, 3, 4, 6, 5, 10, 11] PB [2, 0, 1, 7, 11, 10, 5, 4, 8, 6, 9, 3] law 2 :: s 1 tested 1044 saving-hist: 0:1044
PA [9, 11, 10, 2, 7, 6, 3, 1, 5, 8, 0, 4] PB [11, 5, 2, 1, 0, 8, 6, 10, 4, 3, 9, 7] law 2 :: s 1 tested 1044 saving-hist: 0:1044
PA [0, 11, 8, 3, 6, 7, 4, 9, 2, 10, 1, 5] PB [7, 9, 1, 4, 10, 3, 8, 6, 2, 5, 11, 0] law 2 :: s 1 tested 1044 saving-hist: 0:1044
PA [11, 7, 6, 1, 0, 9, 3, 10, 8, 2, 4, 5] PB [3, 10, 5, 2, 7, 8, 0, 11, 4, 9, 1, 6] law 2 :: s 1 tested 1044 saving-hist: 0:1044
PA [9, 8, 0, 2, 3, 5, 6, 4, 10, 1, 11, 7] PB [2, 8, 10, 6, 9, 4, 0, 5, 11, 7, 1, 3] law 3 :: s 1 tested 1044 saving-hist: 0:1044 | s 2 tested 544446 saving-hist: 0:544446
PA [10, 1, 0, 3, 11, 7, 9, 4, 2, 8, 6, 5] PB [4, 9, 1, 8, 6, 10, 0, 2, 7, 5, 3, 11] law 2 :: s 1 tested 1044 saving-hist: 0:1044
PA [11, 9, 0, 8, 5, 7, 1, 6, 10, 3, 4, 2] PB [9, 4, 3, 0, 8, 6, 5, 11, 7, 2, 10, 1] law 2 :: s 1 tested 1044 saving-hist: 0:1044
PA [7, 5, 4, 6, 9, 10, 1, 11, 8, 3, 0, 2] PB [4, 5, 9, 11, 6, 2, 7, 8, 1, 3, 0, 10] law 3 :: s 1 tested 1044 saving-hist: 0:1044 | s 2 tested 544446 saving-hist: 0:544446
PA [6, 5, 0, 9, 7, 1, 3, 11, 10, 8, 4, 2] PB [4, 6, 3, 7, 2, 0, 11, 9, 8, 10, 1, 5] law 3 :: s 1 tested 1044 saving-hist: 0:1044 | s 2 tested 544446 saving-hist: 0:544446
PA [5, 8, 11, 9, 7, 10, 2, 1, 0, 4, 3, 6] PB [0, 2, 6, 10, 7, 8, 4, 3, 11, 5, 1, 9] law 3 :: s 1 tested 1044 saving-hist: 0:1044 | s 2 tested 544446 saving-hist: 0:544446
PA [11, 0, 7, 2, 5, 3, 4, 1, 9, 8, 10, 6] PB [2, 11, 8, 4, 10, 7, 0, 3, 5, 6, 1, 9] law 2 :: s 1 tested 1044 saving-hist: 0:1044
PA [11, 1, 5, 3, 0, 8, 2, 9, 6, 10, 7, 4] PB [5, 3, 2, 0, 6, 9, 8, 10, 7, 1, 11, 4] law 3 :: s 1 tested 1044 saving-hist: 0:1044 | s 2 tested 544446 saving-hist: 0:544446
PA [10, 2, 4, 7, 9, 3, 0, 5, 1, 6, 8, 11] PB [11, 0, 1, 10, 5, 8, 2, 9, 3, 7, 4, 6] law 3 :: s 1 tested 1044 saving-hist: 0:1044 | s 2 tested 544446 saving-hist: 0:544446
PA [7, 9, 11, 2, 5, 1, 4, 3, 0, 8, 10, 6] PB [5, 7, 2, 3, 10, 9, 8, 1, 4, 11, 0, 6] law 3 :: s 1 tested 1044 saving-hist: 0:1044 | s 2 tested 544446 saving-hist: 0:544446
PA [9, 7, 0, 2, 8, 6, 3, 10, 4, 5, 1, 11] PB [8, 3, 5, 6, 0, 2, 11, 7, 4, 9, 10, 1] law 4 :: s 1 tested 1044 saving-hist: 0:1044 | s 2 tested 544446 saving-hist: 0:544446 | s 3 tested 189104244 saving-hist: 0:189104244
PA [8, 11, 7, 10, 1, 4, 0, 3, 9, 2, 6, 5] PB [0, 10, 11, 4, 3, 2, 8, 9, 5, 1, 6, 7] law 3 :: s 1 tested 1044 saving-hist: 0:1044 | s 2 tested 544446 saving-hist: 0:544446
PA [0, 7, 6, 4, 8, 10, 5, 3, 2, 1, 11, 9] PB [5, 10, 7, 2, 9, 3, 4, 11, 8, 6, 0, 1] law 2 :: s 1 tested 1044 saving-hist: 0:1044
PA [5, 7, 4, 9, 6, 3, 1, 10, 11, 0, 8, 2] PB [8, 1, 4, 11, 9, 3, 6, 10, 5, 7, 0, 2] law 2 :: s 1 tested 1044 saving-hist: 0:1044
PA [7, 5, 2, 11, 8, 4, 10, 0, 3, 9, 6, 1] PB [1, 3, 5, 7, 9, 10, 0, 6, 11, 8, 2, 4] law 2 :: s 1 tested 1044 saving-hist: 0:1044
PA [7, 4, 9, 6, 3, 11, 10, 1, 8, 5, 0, 2] PB [5, 11, 0, 4, 8, 10, 6, 1, 7, 9, 2, 3] law 4 :: s 1 tested 1044 saving-hist: 0:1044 | s 2 tested 544446 saving-hist: 0:544446 | s 3 tested 189104244 saving-hist: 0:189104244
