integer checks passed: S^4 = B^3 = I, (ST)^3 = -I, ST = B^-1 S^2, T = S^3 ST
p     |G|    R  supp     tau|u-1|^2  ||u-1||  [D,a]    [D,b]    pi/12R   ||X4-Y3||  ||X4-u||  ||Y3-u||  mu      kappa
5     120    1  0.00833  0.033333    2.000    0.26105  0.26105  0.26180  1.00000    1.84776   1.73205   0.9436  0.3358
7     336    2  0.01488  0.035714    2.000    0.13081  0.13081  0.13090  1.50368    1.41421   1.00000   0.9571  0.2929
11    1320   2  0.00379  0.009091    2.000    0.13081  0.13081  0.13090  1.50368    1.41421   1.00000   0.9723  0.2355
13    2184   2  0.00229  0.005495    2.000    0.13081  0.13081  0.13090  1.50368    1.41421   1.00000   0.9765  0.2169
17    4896   3  0.00286  0.005106    2.000    0.08724  0.08724  0.08727  1.53209    1.00000   0.68404   0.9790  0.2050
19    6840   3  0.00205  0.003655    2.000    0.08724  0.08724  0.08727  1.53209    1.00000   0.68404   0.9823  0.1882
23    12144  3  0.00115  0.002059    2.000    0.08724  0.08724  0.08727  1.53209    1.00000   0.68404   0.9851  0.1726
29    24360  3  0.00057  0.001026    2.000    0.08724  0.08724  0.08727  1.53209    1.00000   0.68404   0.9869  0.1619
31    29760  3  0.00047  0.000840    2.000    0.08724  0.08724  0.08727  1.53209    1.00000   0.68404   0.9836  0.1810
