S+ = x, y, z, xz, yz, xy, xyz = [(1, 0, 0), (0, 1, 0), (0, 0, 1), (1, 0, 1), (0, 1, 1), (1, 1, 1), (1, 1, 2)]
  link: V=14 E=36 F=24, degree 1 along ray (Fraction(1000003, 1), Fraction(7919, 1), Fraction(104729, 1))
L1-L4: True ok
link triangles (24), as coordinates (a,b,c):
   ((-1, -1, -1), (-1, -1, 0), (-1, 0, -1)) det 1
   ((-1, -1, -1), (-1, -1, 0), (0, -1, 0)) det -1
   ((-1, -1, -1), (-1, 0, -1), (0, 0, -1)) det 1
   ((-1, -1, -1), (0, -1, -1), (0, -1, 0)) det 1
   ((-1, -1, -1), (0, -1, -1), (0, 0, -1)) det -1
   ((-1, -1, 0), (-1, 0, -1), (-1, 0, 0)) det -1
   ((-1, -1, 0), (-1, 0, 0), (0, 0, 1)) det -1
   ((-1, -1, 0), (0, -1, 0), (0, 0, 1)) det 1
   ((-1, 0, -1), (-1, 0, 0), (0, 1, 0)) det 1
   ((-1, 0, -1), (0, 0, -1), (0, 1, 0)) det -1
   ((-1, 0, 0), (0, 0, 1), (0, 1, 1)) det 1
   ((-1, 0, 0), (0, 1, 0), (0, 1, 1)) det -1
   ((0, -1, -1), (0, -1, 0), (1, 0, 1)) det -1
   ((0, -1, -1), (0, 0, -1), (1, 0, 0)) det 1
   ((0, -1, -1), (1, 0, 0), (1, 0, 1)) det 1
   ((0, -1, 0), (0, 0, 1), (1, 0, 1)) det -1
   ((0, 0, -1), (0, 1, 0), (1, 1, 1)) det 1
   ((0, 0, -1), (1, 0, 0), (1, 1, 1)) det -1
   ((0, 0, 1), (0, 1, 1), (1, 1, 2)) det -1
   ((0, 0, 1), (1, 0, 1), (1, 1, 2)) det 1
   ((0, 1, 0), (0, 1, 1), (1, 1, 1)) det 1
   ((0, 1, 1), (1, 1, 1), (1, 1, 2)) det -1
   ((1, 0, 0), (1, 0, 1), (1, 1, 2)) det -1
   ((1, 0, 0), (1, 1, 1), (1, 1, 2)) det 1
random directions in exactly one cone: 2000 of 2000
