# |Q_5| = 3^11 increments [ 3, 3, 2, 3 ]
ORDS [ 3, 3, 3, 3, 3 ]
M 729
R 1 0 1 [ 0, 0, 0, 0, 0 ]
R 1 1 7 [ 0, 0, 0, 0, 0 ]
R 1 2 27 [ 0, 0, 0, 0, 0 ]
R 1 3 29 [ 0, 0, 0, 0, 0 ]
R 1 4 10 [ 0, 0, 0, 0, 0 ]
R 1 5 11 [ 0, 0, 0, 0, 0 ]
R 1 6 391 [ 0, 0, 0, 0, 0 ]
R 1 7 0 [ 0, 0, 0, 0, 0 ]
R 1 8 46 [ 0, 0, 0, 0, 0 ]
R 1 9 48 [ 0, 0, 0, 0, 0 ]
R 1 10 24 [ 0, 0, 0, 0, 0 ]
R 1 11 25 [ 0, 0, 0, 0, 0 ]
R 1 12 80 [ 0, 0, 0, 0, 0 ]
R 1 13 108 [ 0, 0, 0, 0, 0 ]
R 1 14 52 [ 0, 0, 0, 0, 0 ]
R 1 15 556 [ 0, 0, 0, 0, 0 ]
R 1 16 81 [ 0, 0, 0, 0, 0 ]
R 1 17 55 [ 0, 0, 0, 0, 0 ]
R 1 18 561 [ 0, 0, 0, 0, 0 ]
R 1 19 30 [ 0, 0, 0, 0, 0 ]
R 1 20 31 [ 0, 0, 0, 0, 0 ]
R 1 21 243 [ 0, 0, 0, 0, 0 ]
R 1 22 14 [ 0, 0, 0, 0, 0 ]
R 1 23 17 [ 0, 0, 0, 0, 0 ]
R 1 24 4 [ 0, 0, 0, 0, 0 ]
R 1 25 5 [ 0, 0, 0, 0, 0 ]
R 1 26 101 [ 0, 0, 0, 0, 0 ]
R 1 27 75 [ 0, 0, 0, 0, 0 ]
R 1 28 103 [ 0, 0, 0, 0, 0 ]
R 1 29 78 [ 0, 0, 0, 0, 0 ]
R 1 30 49 [ 0, 0, 0, 0, 0 ]
R 1 31 50 [ 0, 0, 0, 0, 0 ]
R 1 32 225 [ 0, 0, 0, 0, 0 ]
R 1 33 26 [ 0, 0, 0, 0, 0 ]
R 1 34 668 [ 0, 0, 0, 0, 0 ]
R 1 35 300 [ 0, 0, 0, 0, 0 ]
R 1 36 550 [ 0, 0, 0, 0, 0 ]
R 1 37 8 [ 0, 0, 0, 0, 0 ]
R 1 38 148 [ 0, 0, 0, 0, 0 ]
R 1 39 376 [ 0, 0, 0, 0, 0 ]
R 1 40 28 [ 0, 0, 0, 0, 0 ]
R 1 41 675 [ 0, 0, 0, 0, 0 ]
R 1 42 82 [ 0, 0, 0, 0, 0 ]
R 1 43 9 [ 0, 0, 0, 0, 0 ]
R 1 44 384 [ 0, 0, 0, 0, 0 ]
R 1 45 58 [ 0, 0, 0, 0, 0 ]
R 1 46 37 [ 0, 0, 0, 0, 0 ]
R 1 47 63 [ 0, 0, 0, 0, 0 ]
R 1 48 43 [ 0, 0, 0, 0, 0 ]
R 1 49 19 [ 0, 0, 0, 0, 0 ]
R 1 50 20 [ 0, 0, 0, 0, 0 ]
R 1 51 45 [ 0, 0, 0, 0, 0 ]
R 1 52 22 [ 0, 0, 0, 0, 0 ]
R 1 53 175 [ 0, 0, 0, 0, 0 ]
R 1 54 47 [ 0, 0, 0, 0, 0 ]
R 1 55 23 [ 0, 0, 0, 0, 0 ]
R 1 56 439 [ 0, 0, 0, 0, 0 ]
R 1 57 709 [ 0, 0, 0, 0, 0 ]
R 1 58 51 [ 0, 0, 0, 0, 0 ]
R 1 59 540 [ 0, 0, 0, 0, 0 ]
R 1 60 612 [ 0, 0, 0, 0, 0 ]
R 1 61 302 [ 0, 0, 0, 0, 0 ]
R 1 62 616 [ 0, 0, 0, 0, 0 ]
R 1 63 54 [ 0, 0, 0, 0, 0 ]
R 1 64 557 [ 0, 0, 0, 0, 0 ]
R 1 65 84 [ 0, 0, 0, 0, 0 ]
R 1 66 385 [ 0, 0, 0, 0, 0 ]
R 1 67 85 [ 0, 0, 0, 0, 0 ]
R 1 68 86 [ 0, 0, 0, 0, 0 ]
R 1 69 386 [ 0, 0, 0, 0, 0 ]
R 1 70 387 [ 0, 0, 0, 0, 0 ]
R 1 71 388 [ 0, 0, 0, 0, 0 ]
R 1 72 389 [ 0, 0, 0, 0, 0 ]
R 1 73 390 [ 0, 0, 0, 0, 0 ]
R 1 74 12 [ 0, 0, 0, 0, 0 ]
R 1 75 2 [ 0, 0, 0, 0, 0 ]
R 1 76 119 [ 0, 0, 0, 0, 0 ]
R 1 77 16 [ 0, 0, 0, 0, 0 ]
R 1 78 3 [ 0, 0, 0, 0, 0 ]
R 1 79 492 [ 0, 0, 0, 0, 0 ]
R 1 80 74 [ 0, 0, 0, 0, 0 ]
R 1 81 77 [ 0, 0, 0, 0, 0 ]
R 1 82 137 [ 0, 0, 0, 0, 0 ]
R 1 83 138 [ 0, 0, 0, 0, 0 ]
R 1 84 104 [ 0, 0, 0, 0, 0 ]
R 1 85 105 [ 0, 0, 0, 0, 0 ]
R 1 86 106 [ 0, 0, 0, 0, 0 ]
R 1 87 707 [ 0, 0, 0, 0, 0 ]
R 1 88 606 [ 0, 0, 0, 0, 0 ]
R 1 89 371 [ 0, 0, 0, 0, 0 ]
R 1 90 670 [ 0, 0, 0, 0, 0 ]
R 1 91 672 [ 0, 0, 0, 0, 0 ]
R 1 92 230 [ 0, 0, 0, 0, 0 ]
R 1 93 308 [ 0, 0, 0, 0, 0 ]
R 1 94 553 [ 0, 0, 0, 0, 0 ]
R 1 95 554 [ 0, 0, 0, 0, 0 ]
R 1 96 188 [ 0, 0, 0, 0, 0 ]
R 1 97 150 [ 0, 0, 0, 0, 0 ]
R 1 98 314 [ 0, 0, 0, 0, 0 ]
R 1 99 559 [ 0, 0, 0, 0, 0 ]
R 1 100 560 [ 0, 0, 0, 0, 0 ]
R 1 101 33 [ 0, 0, 0, 0, 0 ]
R 1 102 257 [ 0, 0, 0, 0, 0 ]
R 1 103 40 [ 0, 0, 0, 0, 0 ]
R 1 104 65 [ 0, 0, 0, 0, 0 ]
R 1 105 67 [ 0, 0, 0, 0, 0 ]
R 1 106 68 [ 0, 0, 0, 0, 0 ]
R 1 107 648 [ 0, 0, 0, 0, 0 ]
R 1 108 278 [ 0, 0, 0, 0, 0 ]
R 1 109 280 [ 0, 0, 0, 0, 0 ]
R 1 110 217 [ 0, 0, 0, 0, 0 ]
R 1 111 437 [ 0, 0, 0, 0, 0 ]
R 1 112 719 [ 0, 0, 0, 0, 0 ]
R 1 113 453 [ 0, 0, 0, 0, 0 ]
R 1 114 455 [ 0, 0, 0, 0, 0 ]
R 1 115 456 [ 0, 0, 0, 0, 0 ]
R 1 116 364 [ 0, 0, 0, 0, 0 ]
R 1 117 186 [ 0, 0, 0, 0, 0 ]
R 1 118 53 [ 0, 0, 0, 0, 0 ]
R 1 119 147 [ 0, 0, 0, 0, 0 ]
R 1 120 307 [ 0, 0, 0, 0, 0 ]
R 1 121 555 [ 0, 0, 0, 0, 0 ]
R 1 122 236 [ 0, 0, 0, 0, 0 ]
R 1 123 467 [ 0, 0, 0, 0, 0 ]
R 1 124 468 [ 0, 0, 0, 0, 0 ]
R 1 125 469 [ 0, 0, 0, 0, 0 ]
R 1 126 83 [ 0, 0, 0, 0, 0 ]
R 1 127 192 [ 0, 0, 0, 0, 0 ]
R 1 128 624 [ 0, 0, 0, 0, 0 ]
R 1 129 383 [ 0, 0, 0, 0, 0 ]
R 1 130 151 [ 0, 0, 0, 0, 0 ]
R 1 131 317 [ 0, 0, 0, 0, 0 ]
R 1 132 319 [ 0, 0, 0, 0, 0 ]
R 1 133 626 [ 0, 0, 0, 0, 0 ]
R 1 134 393 [ 0, 0, 0, 0, 0 ]
R 1 135 92 [ 0, 0, 0, 0, 0 ]
R 1 136 162 [ 0, 0, 0, 0, 0 ]
R 1 137 42 [ 0, 0, 0, 0, 0 ]
R 1 138 126 [ 0, 0, 0, 0, 0 ]
R 1 139 336 [ 0, 0, 0, 0, 0 ]
R 1 140 127 [ 0, 0, 0, 0, 0 ]
R 1 141 691 [ 0, 0, 0, 0, 0 ]
R 1 142 491 [ 0, 0, 0, 0, 0 ]
R 1 143 420 [ 0, 0, 0, 0, 0 ]
R 1 144 347 [ 0, 0, 0, 0, 0 ]
R 1 145 506 [ 0, 0, 0, 0, 0 ]
R 1 146 425 [ 0, 0, 0, 0, 0 ]
R 1 147 76 [ 0, 0, 0, 0, 0 ]
R 1 148 174 [ 0, 0, 0, 0, 0 ]
R 1 149 718 [ 0, 0, 0, 0, 0 ]
R 1 150 220 [ 0, 0, 0, 0, 0 ]
R 1 151 179 [ 0, 0, 0, 0, 0 ]
R 1 152 537 [ 0, 0, 0, 0, 0 ]
R 1 153 538 [ 0, 0, 0, 0, 0 ]
R 1 154 142 [ 0, 0, 0, 0, 0 ]
R 1 155 446 [ 0, 0, 0, 0, 0 ]
R 1 156 366 [ 0, 0, 0, 0, 0 ]
R 1 157 457 [ 0, 0, 0, 0, 0 ]
R 1 158 617 [ 0, 0, 0, 0, 0 ]
R 1 159 548 [ 0, 0, 0, 0, 0 ]
R 1 160 549 [ 0, 0, 0, 0, 0 ]
R 1 161 234 [ 0, 0, 0, 0, 0 ]
R 1 162 305 [ 0, 0, 0, 0, 0 ]
R 1 163 306 [ 0, 0, 0, 0, 0 ]
R 1 164 309 [ 0, 0, 0, 0, 0 ]
R 1 165 239 [ 0, 0, 0, 0, 0 ]
R 1 166 470 [ 0, 0, 0, 0, 0 ]
R 1 167 240 [ 0, 0, 0, 0, 0 ]
R 1 168 194 [ 0, 0, 0, 0, 0 ]
R 1 169 323 [ 0, 0, 0, 0, 0 ]
R 1 170 683 [ 0, 0, 0, 0, 0 ]
R 1 171 254 [ 0, 0, 0, 0, 0 ]
R 1 172 160 [ 0, 0, 0, 0, 0 ]
R 1 173 330 [ 0, 0, 0, 0, 0 ]
R 1 174 38 [ 0, 0, 0, 0, 0 ]
R 1 175 118 [ 0, 0, 0, 0, 0 ]
R 1 176 408 [ 0, 0, 0, 0, 0 ]
R 1 177 577 [ 0, 0, 0, 0, 0 ]
R 1 178 165 [ 0, 0, 0, 0, 0 ]
R 1 179 130 [ 0, 0, 0, 0, 0 ]
R 1 180 487 [ 0, 0, 0, 0, 0 ]
R 1 181 168 [ 0, 0, 0, 0, 0 ]
R 1 182 422 [ 0, 0, 0, 0, 0 ]
R 1 183 728 [ 0, 0, 0, 0, 0 ]
R 1 184 502 [ 0, 0, 0, 0, 0 ]
R 1 185 426 [ 0, 0, 0, 0, 0 ]
R 1 186 507 [ 0, 0, 0, 0, 0 ]
R 1 187 349 [ 0, 0, 0, 0, 0 ]
R 1 188 350 [ 0, 0, 0, 0, 0 ]
R 1 189 434 [ 0, 0, 0, 0, 0 ]
R 1 190 600 [ 0, 0, 0, 0, 0 ]
R 1 191 286 [ 0, 0, 0, 0, 0 ]
R 1 192 140 [ 0, 0, 0, 0, 0 ]
R 1 193 661 [ 0, 0, 0, 0, 0 ]
R 1 194 181 [ 0, 0, 0, 0, 0 ]
R 1 195 666 [ 0, 0, 0, 0, 0 ]
R 1 196 368 [ 0, 0, 0, 0, 0 ]
R 1 197 143 [ 0, 0, 0, 0, 0 ]
R 1 198 539 [ 0, 0, 0, 0, 0 ]
R 1 199 183 [ 0, 0, 0, 0, 0 ]
R 1 200 613 [ 0, 0, 0, 0, 0 ]
R 1 201 109 [ 0, 0, 0, 0, 0 ]
R 1 202 459 [ 0, 0, 0, 0, 0 ]
R 1 203 145 [ 0, 0, 0, 0, 0 ]
R 1 204 381 [ 0, 0, 0, 0, 0 ]
R 1 205 241 [ 0, 0, 0, 0, 0 ]
R 1 206 242 [ 0, 0, 0, 0, 0 ]
R 1 207 471 [ 0, 0, 0, 0, 0 ]
R 1 208 392 [ 0, 0, 0, 0, 0 ]
R 1 209 32 [ 0, 0, 0, 0, 0 ]
R 1 210 396 [ 0, 0, 0, 0, 0 ]
R 1 211 630 [ 0, 0, 0, 0, 0 ]
R 1 212 324 [ 0, 0, 0, 0, 0 ]
R 1 213 632 [ 0, 0, 0, 0, 0 ]
R 1 214 575 [ 0, 0, 0, 0, 0 ]
R 1 215 405 [ 0, 0, 0, 0, 0 ]
R 1 216 121 [ 0, 0, 0, 0, 0 ]
R 1 217 258 [ 0, 0, 0, 0, 0 ]
R 1 218 122 [ 0, 0, 0, 0, 0 ]
R 1 219 262 [ 0, 0, 0, 0, 0 ]
R 1 220 97 [ 0, 0, 0, 0, 0 ]
R 1 221 207 [ 0, 0, 0, 0, 0 ]
R 1 222 271 [ 0, 0, 0, 0, 0 ]
R 1 223 488 [ 0, 0, 0, 0, 0 ]
R 1 224 692 [ 0, 0, 0, 0, 0 ]
R 1 225 209 [ 0, 0, 0, 0, 0 ]
R 1 226 494 [ 0, 0, 0, 0, 0 ]
R 1 227 169 [ 0, 0, 0, 0, 0 ]
R 1 228 696 [ 0, 0, 0, 0, 0 ]
R 1 229 503 [ 0, 0, 0, 0, 0 ]
R 1 230 135 [ 0, 0, 0, 0, 0 ]
R 1 231 598 [ 0, 0, 0, 0, 0 ]
R 1 232 512 [ 0, 0, 0, 0, 0 ]
R 1 233 428 [ 0, 0, 0, 0, 0 ]
R 1 234 513 [ 0, 0, 0, 0, 0 ]
R 1 235 430 [ 0, 0, 0, 0, 0 ]
R 1 236 218 [ 0, 0, 0, 0, 0 ]
R 1 237 219 [ 0, 0, 0, 0, 0 ]
R 1 238 433 [ 0, 0, 0, 0, 0 ]
R 1 239 178 [ 0, 0, 0, 0, 0 ]
R 1 240 523 [ 0, 0, 0, 0, 0 ]
R 1 241 358 [ 0, 0, 0, 0, 0 ]
R 1 242 359 [ 0, 0, 0, 0, 0 ]
R 1 243 438 [ 0, 0, 0, 0, 0 ]
R 1 244 721 [ 0, 0, 0, 0, 0 ]
R 1 245 180 [ 0, 0, 0, 0, 0 ]
R 1 246 663 [ 0, 0, 0, 0, 0 ]
R 1 247 667 [ 0, 0, 0, 0, 0 ]
R 1 248 79 [ 0, 0, 0, 0, 0 ]
R 1 249 363 [ 0, 0, 0, 0, 0 ]
R 1 250 610 [ 0, 0, 0, 0, 0 ]
R 1 251 144 [ 0, 0, 0, 0, 0 ]
R 1 252 710 [ 0, 0, 0, 0, 0 ]
R 1 253 542 [ 0, 0, 0, 0, 0 ]
R 1 254 543 [ 0, 0, 0, 0, 0 ]
R 1 255 370 [ 0, 0, 0, 0, 0 ]
R 1 256 552 [ 0, 0, 0, 0, 0 ]
R 1 257 458 [ 0, 0, 0, 0, 0 ]
R 1 258 110 [ 0, 0, 0, 0, 0 ]
R 1 259 464 [ 0, 0, 0, 0, 0 ]
R 1 260 235 [ 0, 0, 0, 0, 0 ]
R 1 261 465 [ 0, 0, 0, 0, 0 ]
R 1 262 237 [ 0, 0, 0, 0, 0 ]
R 1 263 238 [ 0, 0, 0, 0, 0 ]
R 1 264 674 [ 0, 0, 0, 0, 0 ]
R 1 265 466 [ 0, 0, 0, 0, 0 ]
R 1 266 191 [ 0, 0, 0, 0, 0 ]
R 1 267 382 [ 0, 0, 0, 0, 0 ]
R 1 268 316 [ 0, 0, 0, 0, 0 ]
R 1 269 562 [ 0, 0, 0, 0, 0 ]
R 1 270 563 [ 0, 0, 0, 0, 0 ]
R 1 271 318 [ 0, 0, 0, 0, 0 ]
R 1 272 321 [ 0, 0, 0, 0, 0 ]
R 1 273 568 [ 0, 0, 0, 0, 0 ]
R 1 274 116 [ 0, 0, 0, 0, 0 ]
R 1 275 328 [ 0, 0, 0, 0, 0 ]
R 1 276 477 [ 0, 0, 0, 0, 0 ]
R 1 277 574 [ 0, 0, 0, 0, 0 ]
R 1 278 13 [ 0, 0, 0, 0, 0 ]
R 1 279 61 [ 0, 0, 0, 0, 0 ]
R 1 280 201 [ 0, 0, 0, 0, 0 ]
R 1 281 481 [ 0, 0, 0, 0, 0 ]
R 1 282 332 [ 0, 0, 0, 0, 0 ]
R 1 283 95 [ 0, 0, 0, 0, 0 ]
R 1 284 164 [ 0, 0, 0, 0, 0 ]
R 1 285 636 [ 0, 0, 0, 0, 0 ]
R 1 286 266 [ 0, 0, 0, 0, 0 ]
R 1 287 415 [ 0, 0, 0, 0, 0 ]
R 1 288 417 [ 0, 0, 0, 0, 0 ]
R 1 289 100 [ 0, 0, 0, 0, 0 ]
R 1 290 70 [ 0, 0, 0, 0, 0 ]
R 1 291 73 [ 0, 0, 0, 0, 0 ]
R 1 292 6 [ 0, 0, 0, 0, 0 ]
R 1 293 640 [ 0, 0, 0, 0, 0 ]
R 1 294 583 [ 0, 0, 0, 0, 0 ]
R 1 295 419 [ 0, 0, 0, 0, 0 ]
R 1 296 496 [ 0, 0, 0, 0, 0 ]
R 1 297 211 [ 0, 0, 0, 0, 0 ]
R 1 298 582 [ 0, 0, 0, 0, 0 ]
R 1 299 421 [ 0, 0, 0, 0, 0 ]
R 1 300 344 [ 0, 0, 0, 0, 0 ]
R 1 301 510 [ 0, 0, 0, 0, 0 ]
R 1 302 279 [ 0, 0, 0, 0, 0 ]
R 1 303 348 [ 0, 0, 0, 0, 0 ]
R 1 304 509 [ 0, 0, 0, 0, 0 ]
R 1 305 136 [ 0, 0, 0, 0, 0 ]
R 1 306 597 [ 0, 0, 0, 0, 0 ]
R 1 307 704 [ 0, 0, 0, 0, 0 ]
R 1 308 514 [ 0, 0, 0, 0, 0 ]
R 1 309 284 [ 0, 0, 0, 0, 0 ]
R 1 310 177 [ 0, 0, 0, 0, 0 ]
R 1 311 431 [ 0, 0, 0, 0, 0 ]
R 1 312 287 [ 0, 0, 0, 0, 0 ]
R 1 313 288 [ 0, 0, 0, 0, 0 ]
R 1 314 524 [ 0, 0, 0, 0, 0 ]
R 1 315 525 [ 0, 0, 0, 0, 0 ]
R 1 316 660 [ 0, 0, 0, 0, 0 ]
R 1 317 527 [ 0, 0, 0, 0, 0 ]
R 1 318 222 [ 0, 0, 0, 0, 0 ]
R 1 319 530 [ 0, 0, 0, 0, 0 ]
R 1 320 664 [ 0, 0, 0, 0, 0 ]
R 1 321 602 [ 0, 0, 0, 0, 0 ]
R 1 322 534 [ 0, 0, 0, 0, 0 ]
R 1 323 227 [ 0, 0, 0, 0, 0 ]
R 1 324 367 [ 0, 0, 0, 0, 0 ]
R 1 325 182 [ 0, 0, 0, 0, 0 ]
R 1 326 449 [ 0, 0, 0, 0, 0 ]
R 1 327 609 [ 0, 0, 0, 0, 0 ]
R 1 328 365 [ 0, 0, 0, 0, 0 ]
R 1 329 614 [ 0, 0, 0, 0, 0 ]
R 1 330 460 [ 0, 0, 0, 0, 0 ]
R 1 331 461 [ 0, 0, 0, 0, 0 ]
R 1 332 377 [ 0, 0, 0, 0, 0 ]
R 1 333 618 [ 0, 0, 0, 0, 0 ]
R 1 334 149 [ 0, 0, 0, 0, 0 ]
R 1 335 111 [ 0, 0, 0, 0, 0 ]
R 1 336 676 [ 0, 0, 0, 0, 0 ]
R 1 337 56 [ 0, 0, 0, 0, 0 ]
R 1 338 627 [ 0, 0, 0, 0, 0 ]
R 1 339 155 [ 0, 0, 0, 0, 0 ]
R 1 340 397 [ 0, 0, 0, 0, 0 ]
R 1 341 712 [ 0, 0, 0, 0, 0 ]
R 1 342 327 [ 0, 0, 0, 0, 0 ]
R 1 343 398 [ 0, 0, 0, 0, 0 ]
R 1 344 35 [ 0, 0, 0, 0, 0 ]
R 1 345 402 [ 0, 0, 0, 0, 0 ]
R 1 346 572 [ 0, 0, 0, 0, 0 ]
R 1 347 251 [ 0, 0, 0, 0, 0 ]
R 1 348 725 [ 0, 0, 0, 0, 0 ]
R 1 349 403 [ 0, 0, 0, 0, 0 ]
R 1 350 96 [ 0, 0, 0, 0, 0 ]
R 1 351 483 [ 0, 0, 0, 0, 0 ]
R 1 352 333 [ 0, 0, 0, 0, 0 ]
R 1 353 94 [ 0, 0, 0, 0, 0 ]
R 1 354 410 [ 0, 0, 0, 0, 0 ]
R 1 355 264 [ 0, 0, 0, 0, 0 ]
R 1 356 416 [ 0, 0, 0, 0, 0 ]
R 1 357 99 [ 0, 0, 0, 0, 0 ]
R 1 358 205 [ 0, 0, 0, 0, 0 ]
R 1 359 206 [ 0, 0, 0, 0, 0 ]
R 1 360 69 [ 0, 0, 0, 0, 0 ]
R 1 361 72 [ 0, 0, 0, 0, 0 ]
R 1 362 579 [ 0, 0, 0, 0, 0 ]
R 1 363 584 [ 0, 0, 0, 0, 0 ]
R 1 364 274 [ 0, 0, 0, 0, 0 ]
R 1 365 275 [ 0, 0, 0, 0, 0 ]
R 1 366 423 [ 0, 0, 0, 0, 0 ]
R 1 367 212 [ 0, 0, 0, 0, 0 ]
R 1 368 500 [ 0, 0, 0, 0, 0 ]
R 1 369 594 [ 0, 0, 0, 0, 0 ]
R 1 370 590 [ 0, 0, 0, 0, 0 ]
R 1 371 589 [ 0, 0, 0, 0, 0 ]
R 1 372 649 [ 0, 0, 0, 0, 0 ]
R 1 373 170 [ 0, 0, 0, 0, 0 ]
R 1 374 700 [ 0, 0, 0, 0, 0 ]
R 1 375 429 [ 0, 0, 0, 0, 0 ]
R 1 376 654 [ 0, 0, 0, 0, 0 ]
R 1 377 282 [ 0, 0, 0, 0, 0 ]
R 1 378 655 [ 0, 0, 0, 0, 0 ]
R 1 379 354 [ 0, 0, 0, 0, 0 ]
R 1 380 432 [ 0, 0, 0, 0, 0 ]
R 1 381 520 [ 0, 0, 0, 0, 0 ]
R 1 382 657 [ 0, 0, 0, 0, 0 ]
R 1 383 601 [ 0, 0, 0, 0, 0 ]
R 1 384 659 [ 0, 0, 0, 0, 0 ]
R 1 385 528 [ 0, 0, 0, 0, 0 ]
R 1 386 360 [ 0, 0, 0, 0, 0 ]
R 1 387 290 [ 0, 0, 0, 0, 0 ]
R 1 388 531 [ 0, 0, 0, 0, 0 ]
R 1 389 361 [ 0, 0, 0, 0, 0 ]
R 1 390 291 [ 0, 0, 0, 0, 0 ]
R 1 391 292 [ 0, 0, 0, 0, 0 ]
R 1 392 532 [ 0, 0, 0, 0, 0 ]
R 1 393 447 [ 0, 0, 0, 0, 0 ]
R 1 394 226 [ 0, 0, 0, 0, 0 ]
R 1 395 294 [ 0, 0, 0, 0, 0 ]
R 1 396 665 [ 0, 0, 0, 0, 0 ]
R 1 397 445 [ 0, 0, 0, 0, 0 ]
R 1 398 452 [ 0, 0, 0, 0, 0 ]
R 1 399 454 [ 0, 0, 0, 0, 0 ]
R 1 400 374 [ 0, 0, 0, 0, 0 ]
R 1 401 671 [ 0, 0, 0, 0, 0 ]
R 1 402 545 [ 0, 0, 0, 0, 0 ]
R 1 403 187 [ 0, 0, 0, 0, 0 ]
R 1 404 301 [ 0, 0, 0, 0, 0 ]
R 1 405 615 [ 0, 0, 0, 0, 0 ]
R 1 406 233 [ 0, 0, 0, 0, 0 ]
R 1 407 375 [ 0, 0, 0, 0, 0 ]
R 1 408 463 [ 0, 0, 0, 0, 0 ]
R 1 409 378 [ 0, 0, 0, 0, 0 ]
R 1 410 379 [ 0, 0, 0, 0, 0 ]
R 1 411 621 [ 0, 0, 0, 0, 0 ]
R 1 412 619 [ 0, 0, 0, 0, 0 ]
R 1 413 622 [ 0, 0, 0, 0, 0 ]
R 1 414 380 [ 0, 0, 0, 0, 0 ]
R 1 415 312 [ 0, 0, 0, 0, 0 ]
R 1 416 558 [ 0, 0, 0, 0, 0 ]
R 1 417 313 [ 0, 0, 0, 0, 0 ]
R 1 418 567 [ 0, 0, 0, 0, 0 ]
R 1 419 680 [ 0, 0, 0, 0, 0 ]
R 1 420 197 [ 0, 0, 0, 0, 0 ]
R 1 421 478 [ 0, 0, 0, 0, 0 ]
R 1 422 325 [ 0, 0, 0, 0, 0 ]
R 1 423 156 [ 0, 0, 0, 0, 0 ]
R 1 424 570 [ 0, 0, 0, 0, 0 ]
R 1 425 635 [ 0, 0, 0, 0, 0 ]
R 1 426 686 [ 0, 0, 0, 0, 0 ]
R 1 427 576 [ 0, 0, 0, 0, 0 ]
R 1 428 406 [ 0, 0, 0, 0, 0 ]
R 1 429 407 [ 0, 0, 0, 0, 0 ]
R 1 430 260 [ 0, 0, 0, 0, 0 ]
R 1 431 578 [ 0, 0, 0, 0, 0 ]
R 1 432 414 [ 0, 0, 0, 0, 0 ]
R 1 433 263 [ 0, 0, 0, 0, 0 ]
R 1 434 688 [ 0, 0, 0, 0, 0 ]
R 1 435 485 [ 0, 0, 0, 0, 0 ]
R 1 436 128 [ 0, 0, 0, 0, 0 ]
R 1 437 335 [ 0, 0, 0, 0, 0 ]
R 1 438 21 [ 0, 0, 0, 0, 0 ]
R 1 439 337 [ 0, 0, 0, 0, 0 ]
R 1 440 643 [ 0, 0, 0, 0, 0 ]
R 1 441 581 [ 0, 0, 0, 0, 0 ]
R 1 442 133 [ 0, 0, 0, 0, 0 ]
R 1 443 490 [ 0, 0, 0, 0, 0 ]
R 1 444 690 [ 0, 0, 0, 0, 0 ]
R 1 445 340 [ 0, 0, 0, 0, 0 ]
R 1 446 339 [ 0, 0, 0, 0, 0 ]
R 1 447 134 [ 0, 0, 0, 0, 0 ]
R 1 448 418 [ 0, 0, 0, 0, 0 ]
R 1 449 697 [ 0, 0, 0, 0, 0 ]
R 1 450 698 [ 0, 0, 0, 0, 0 ]
R 1 451 424 [ 0, 0, 0, 0, 0 ]
R 1 452 343 [ 0, 0, 0, 0, 0 ]
R 1 453 501 [ 0, 0, 0, 0, 0 ]
R 1 454 644 [ 0, 0, 0, 0, 0 ]
R 1 455 588 [ 0, 0, 0, 0, 0 ]
R 1 456 497 [ 0, 0, 0, 0, 0 ]
R 1 457 591 [ 0, 0, 0, 0, 0 ]
R 1 458 102 [ 0, 0, 0, 0, 0 ]
R 1 459 653 [ 0, 0, 0, 0, 0 ]
R 1 460 173 [ 0, 0, 0, 0, 0 ]
R 1 461 505 [ 0, 0, 0, 0, 0 ]
R 1 462 351 [ 0, 0, 0, 0, 0 ]
R 1 463 176 [ 0, 0, 0, 0, 0 ]
R 1 464 596 [ 0, 0, 0, 0, 0 ]
R 1 465 706 [ 0, 0, 0, 0, 0 ]
R 1 466 516 [ 0, 0, 0, 0, 0 ]
R 1 467 521 [ 0, 0, 0, 0, 0 ]
R 1 468 599 [ 0, 0, 0, 0, 0 ]
R 1 469 518 [ 0, 0, 0, 0, 0 ]
R 1 470 658 [ 0, 0, 0, 0, 0 ]
R 1 471 221 [ 0, 0, 0, 0, 0 ]
R 1 472 720 [ 0, 0, 0, 0, 0 ]
R 1 473 604 [ 0, 0, 0, 0, 0 ]
R 1 474 708 [ 0, 0, 0, 0, 0 ]
R 1 475 662 [ 0, 0, 0, 0, 0 ]
R 1 476 223 [ 0, 0, 0, 0, 0 ]
R 1 477 541 [ 0, 0, 0, 0, 0 ]
R 1 478 299 [ 0, 0, 0, 0, 0 ]
R 1 479 107 [ 0, 0, 0, 0, 0 ]
R 1 480 229 [ 0, 0, 0, 0, 0 ]
R 1 481 673 [ 0, 0, 0, 0, 0 ]
R 1 482 232 [ 0, 0, 0, 0, 0 ]
R 1 483 462 [ 0, 0, 0, 0, 0 ]
R 1 484 190 [ 0, 0, 0, 0, 0 ]
R 1 485 623 [ 0, 0, 0, 0, 0 ]
R 1 486 315 [ 0, 0, 0, 0, 0 ]
R 1 487 245 [ 0, 0, 0, 0, 0 ]
R 1 488 476 [ 0, 0, 0, 0, 0 ]
R 1 489 193 [ 0, 0, 0, 0, 0 ]
R 1 490 677 [ 0, 0, 0, 0, 0 ]
R 1 491 154 [ 0, 0, 0, 0, 0 ]
R 1 492 248 [ 0, 0, 0, 0, 0 ]
R 1 493 681 [ 0, 0, 0, 0, 0 ]
R 1 494 394 [ 0, 0, 0, 0, 0 ]
R 1 495 195 [ 0, 0, 0, 0, 0 ]
R 1 496 629 [ 0, 0, 0, 0, 0 ]
R 1 497 115 [ 0, 0, 0, 0, 0 ]
R 1 498 198 [ 0, 0, 0, 0, 0 ]
R 1 499 34 [ 0, 0, 0, 0, 0 ]
R 1 500 196 [ 0, 0, 0, 0, 0 ]
R 1 501 113 [ 0, 0, 0, 0, 0 ]
R 1 502 684 [ 0, 0, 0, 0, 0 ]
R 1 503 480 [ 0, 0, 0, 0, 0 ]
R 1 504 573 [ 0, 0, 0, 0, 0 ]
R 1 505 331 [ 0, 0, 0, 0, 0 ]
R 1 506 203 [ 0, 0, 0, 0, 0 ]
R 1 507 117 [ 0, 0, 0, 0, 0 ]
R 1 508 256 [ 0, 0, 0, 0, 0 ]
R 1 509 634 [ 0, 0, 0, 0, 0 ]
R 1 510 404 [ 0, 0, 0, 0, 0 ]
R 1 511 15 [ 0, 0, 0, 0, 0 ]
R 1 512 482 [ 0, 0, 0, 0, 0 ]
R 1 513 161 [ 0, 0, 0, 0, 0 ]
R 1 514 93 [ 0, 0, 0, 0, 0 ]
R 1 515 412 [ 0, 0, 0, 0, 0 ]
R 1 516 265 [ 0, 0, 0, 0, 0 ]
R 1 517 413 [ 0, 0, 0, 0, 0 ]
R 1 518 125 [ 0, 0, 0, 0, 0 ]
R 1 519 41 [ 0, 0, 0, 0, 0 ]
R 1 520 204 [ 0, 0, 0, 0, 0 ]
R 1 521 123 [ 0, 0, 0, 0, 0 ]
R 1 522 18 [ 0, 0, 0, 0, 0 ]
R 1 523 167 [ 0, 0, 0, 0, 0 ]
R 1 524 98 [ 0, 0, 0, 0, 0 ]
R 1 525 486 [ 0, 0, 0, 0, 0 ]
R 1 526 269 [ 0, 0, 0, 0, 0 ]
R 1 527 131 [ 0, 0, 0, 0, 0 ]
R 1 528 66 [ 0, 0, 0, 0, 0 ]
R 1 529 270 [ 0, 0, 0, 0, 0 ]
R 1 530 132 [ 0, 0, 0, 0, 0 ]
R 1 531 71 [ 0, 0, 0, 0, 0 ]
R 1 532 208 [ 0, 0, 0, 0, 0 ]
R 1 533 638 [ 0, 0, 0, 0, 0 ]
R 1 534 585 [ 0, 0, 0, 0, 0 ]
R 1 535 586 [ 0, 0, 0, 0, 0 ]
R 1 536 493 [ 0, 0, 0, 0, 0 ]
R 1 537 727 [ 0, 0, 0, 0, 0 ]
R 1 538 714 [ 0, 0, 0, 0, 0 ]
R 1 539 498 [ 0, 0, 0, 0, 0 ]
R 1 540 645 [ 0, 0, 0, 0, 0 ]
R 1 541 276 [ 0, 0, 0, 0, 0 ]
R 1 542 650 [ 0, 0, 0, 0, 0 ]
R 1 543 171 [ 0, 0, 0, 0, 0 ]
R 1 544 277 [ 0, 0, 0, 0, 0 ]
R 1 545 345 [ 0, 0, 0, 0, 0 ]
R 1 546 346 [ 0, 0, 0, 0, 0 ]
R 1 547 427 [ 0, 0, 0, 0, 0 ]
R 1 548 652 [ 0, 0, 0, 0, 0 ]
R 1 549 172 [ 0, 0, 0, 0, 0 ]
R 1 550 651 [ 0, 0, 0, 0, 0 ]
R 1 551 214 [ 0, 0, 0, 0, 0 ]
R 1 552 508 [ 0, 0, 0, 0, 0 ]
R 1 553 353 [ 0, 0, 0, 0, 0 ]
R 1 554 283 [ 0, 0, 0, 0, 0 ]
R 1 555 216 [ 0, 0, 0, 0, 0 ]
R 1 556 511 [ 0, 0, 0, 0, 0 ]
R 1 557 656 [ 0, 0, 0, 0, 0 ]
R 1 558 356 [ 0, 0, 0, 0, 0 ]
R 1 559 357 [ 0, 0, 0, 0, 0 ]
R 1 560 289 [ 0, 0, 0, 0, 0 ]
R 1 561 522 [ 0, 0, 0, 0, 0 ]
R 1 562 526 [ 0, 0, 0, 0, 0 ]
R 1 563 529 [ 0, 0, 0, 0, 0 ]
R 1 564 293 [ 0, 0, 0, 0, 0 ]
R 1 565 362 [ 0, 0, 0, 0, 0 ]
R 1 566 141 [ 0, 0, 0, 0, 0 ]
R 1 567 448 [ 0, 0, 0, 0, 0 ]
R 1 568 608 [ 0, 0, 0, 0, 0 ]
R 1 569 450 [ 0, 0, 0, 0, 0 ]
R 1 570 451 [ 0, 0, 0, 0, 0 ]
R 1 571 228 [ 0, 0, 0, 0, 0 ]
R 1 572 546 [ 0, 0, 0, 0, 0 ]
R 1 573 669 [ 0, 0, 0, 0, 0 ]
R 1 574 544 [ 0, 0, 0, 0, 0 ]
R 1 575 551 [ 0, 0, 0, 0, 0 ]
R 1 576 547 [ 0, 0, 0, 0, 0 ]
R 1 577 310 [ 0, 0, 0, 0, 0 ]
R 1 578 311 [ 0, 0, 0, 0, 0 ]
R 1 579 565 [ 0, 0, 0, 0, 0 ]
R 1 580 475 [ 0, 0, 0, 0, 0 ]
R 1 581 625 [ 0, 0, 0, 0, 0 ]
R 1 582 631 [ 0, 0, 0, 0, 0 ]
R 1 583 395 [ 0, 0, 0, 0, 0 ]
R 1 584 249 [ 0, 0, 0, 0, 0 ]
R 1 585 322 [ 0, 0, 0, 0, 0 ]
R 1 586 724 [ 0, 0, 0, 0, 0 ]
R 1 587 250 [ 0, 0, 0, 0, 0 ]
R 1 588 114 [ 0, 0, 0, 0, 0 ]
R 1 589 89 [ 0, 0, 0, 0, 0 ]
R 1 590 255 [ 0, 0, 0, 0, 0 ]
R 1 591 157 [ 0, 0, 0, 0, 0 ]
R 1 592 329 [ 0, 0, 0, 0, 0 ]
R 1 593 401 [ 0, 0, 0, 0, 0 ]
R 1 594 685 [ 0, 0, 0, 0, 0 ]
R 1 595 91 [ 0, 0, 0, 0, 0 ]
R 1 596 259 [ 0, 0, 0, 0, 0 ]
R 1 597 163 [ 0, 0, 0, 0, 0 ]
R 1 598 687 [ 0, 0, 0, 0, 0 ]
R 1 599 124 [ 0, 0, 0, 0, 0 ]
R 1 600 484 [ 0, 0, 0, 0, 0 ]
R 1 601 129 [ 0, 0, 0, 0, 0 ]
R 1 602 272 [ 0, 0, 0, 0, 0 ]
R 1 603 338 [ 0, 0, 0, 0, 0 ]
R 1 604 637 [ 0, 0, 0, 0, 0 ]
R 1 605 689 [ 0, 0, 0, 0, 0 ]
R 1 606 695 [ 0, 0, 0, 0, 0 ]
R 1 607 341 [ 0, 0, 0, 0, 0 ]
R 1 608 273 [ 0, 0, 0, 0, 0 ]
R 1 609 342 [ 0, 0, 0, 0, 0 ]
R 1 610 587 [ 0, 0, 0, 0, 0 ]
R 1 611 701 [ 0, 0, 0, 0, 0 ]
R 1 612 699 [ 0, 0, 0, 0, 0 ]
R 1 613 646 [ 0, 0, 0, 0, 0 ]
R 1 614 592 [ 0, 0, 0, 0, 0 ]
R 1 615 215 [ 0, 0, 0, 0, 0 ]
R 1 616 717 [ 0, 0, 0, 0, 0 ]
R 1 617 703 [ 0, 0, 0, 0, 0 ]
R 1 618 352 [ 0, 0, 0, 0, 0 ]
R 1 619 515 [ 0, 0, 0, 0, 0 ]
R 1 620 285 [ 0, 0, 0, 0, 0 ]
R 1 621 705 [ 0, 0, 0, 0, 0 ]
R 1 622 517 [ 0, 0, 0, 0, 0 ]
R 1 623 435 [ 0, 0, 0, 0, 0 ]
R 1 624 436 [ 0, 0, 0, 0, 0 ]
R 1 625 441 [ 0, 0, 0, 0, 0 ]
R 1 626 442 [ 0, 0, 0, 0, 0 ]
R 1 627 603 [ 0, 0, 0, 0, 0 ]
R 1 628 224 [ 0, 0, 0, 0, 0 ]
R 1 629 296 [ 0, 0, 0, 0, 0 ]
R 1 630 297 [ 0, 0, 0, 0, 0 ]
R 1 631 298 [ 0, 0, 0, 0, 0 ]
R 1 632 711 [ 0, 0, 0, 0, 0 ]
R 1 633 611 [ 0, 0, 0, 0, 0 ]
R 1 634 304 [ 0, 0, 0, 0, 0 ]
R 1 635 146 [ 0, 0, 0, 0, 0 ]
R 1 636 620 [ 0, 0, 0, 0, 0 ]
R 1 637 473 [ 0, 0, 0, 0, 0 ]
R 1 638 678 [ 0, 0, 0, 0, 0 ]
R 1 639 112 [ 0, 0, 0, 0, 0 ]
R 1 640 564 [ 0, 0, 0, 0, 0 ]
R 1 641 472 [ 0, 0, 0, 0, 0 ]
R 1 642 320 [ 0, 0, 0, 0, 0 ]
R 1 643 722 [ 0, 0, 0, 0, 0 ]
R 1 644 399 [ 0, 0, 0, 0, 0 ]
R 1 645 59 [ 0, 0, 0, 0, 0 ]
R 1 646 200 [ 0, 0, 0, 0, 0 ]
R 1 647 90 [ 0, 0, 0, 0, 0 ]
R 1 648 479 [ 0, 0, 0, 0, 0 ]
R 1 649 682 [ 0, 0, 0, 0, 0 ]
R 1 650 253 [ 0, 0, 0, 0, 0 ]
R 1 651 36 [ 0, 0, 0, 0, 0 ]
R 1 652 159 [ 0, 0, 0, 0, 0 ]
R 1 653 202 [ 0, 0, 0, 0, 0 ]
R 1 654 39 [ 0, 0, 0, 0, 0 ]
R 1 655 409 [ 0, 0, 0, 0, 0 ]
R 1 656 64 [ 0, 0, 0, 0, 0 ]
R 1 657 267 [ 0, 0, 0, 0, 0 ]
R 1 658 166 [ 0, 0, 0, 0, 0 ]
R 1 659 44 [ 0, 0, 0, 0, 0 ]
R 1 660 268 [ 0, 0, 0, 0, 0 ]
R 1 661 489 [ 0, 0, 0, 0, 0 ]
R 1 662 580 [ 0, 0, 0, 0, 0 ]
R 1 663 726 [ 0, 0, 0, 0, 0 ]
R 1 664 642 [ 0, 0, 0, 0, 0 ]
R 1 665 210 [ 0, 0, 0, 0, 0 ]
R 1 666 495 [ 0, 0, 0, 0, 0 ]
R 1 667 716 [ 0, 0, 0, 0, 0 ]
R 1 668 499 [ 0, 0, 0, 0, 0 ]
R 1 669 504 [ 0, 0, 0, 0, 0 ]
R 1 670 647 [ 0, 0, 0, 0, 0 ]
R 1 671 593 [ 0, 0, 0, 0, 0 ]
R 1 672 595 [ 0, 0, 0, 0, 0 ]
R 1 673 281 [ 0, 0, 0, 0, 0 ]
R 1 674 355 [ 0, 0, 0, 0, 0 ]
R 1 675 519 [ 0, 0, 0, 0, 0 ]
R 1 676 139 [ 0, 0, 0, 0, 0 ]
R 1 677 443 [ 0, 0, 0, 0, 0 ]
R 1 678 533 [ 0, 0, 0, 0, 0 ]
R 1 679 444 [ 0, 0, 0, 0, 0 ]
R 1 680 295 [ 0, 0, 0, 0, 0 ]
R 1 681 536 [ 0, 0, 0, 0, 0 ]
R 1 682 372 [ 0, 0, 0, 0, 0 ]
R 1 683 373 [ 0, 0, 0, 0, 0 ]
R 1 684 184 [ 0, 0, 0, 0, 0 ]
R 1 685 369 [ 0, 0, 0, 0, 0 ]
R 1 686 185 [ 0, 0, 0, 0, 0 ]
R 1 687 231 [ 0, 0, 0, 0, 0 ]
R 1 688 189 [ 0, 0, 0, 0, 0 ]
R 1 689 723 [ 0, 0, 0, 0, 0 ]
R 1 690 679 [ 0, 0, 0, 0, 0 ]
R 1 691 566 [ 0, 0, 0, 0, 0 ]
R 1 692 628 [ 0, 0, 0, 0, 0 ]
R 1 693 87 [ 0, 0, 0, 0, 0 ]
R 1 694 474 [ 0, 0, 0, 0, 0 ]
R 1 695 88 [ 0, 0, 0, 0, 0 ]
R 1 696 571 [ 0, 0, 0, 0, 0 ]
R 1 697 326 [ 0, 0, 0, 0, 0 ]
R 1 698 569 [ 0, 0, 0, 0, 0 ]
R 1 699 60 [ 0, 0, 0, 0, 0 ]
R 1 700 400 [ 0, 0, 0, 0, 0 ]
R 1 701 633 [ 0, 0, 0, 0, 0 ]
R 1 702 252 [ 0, 0, 0, 0, 0 ]
R 1 703 158 [ 0, 0, 0, 0, 0 ]
R 1 704 120 [ 0, 0, 0, 0, 0 ]
R 1 705 411 [ 0, 0, 0, 0, 0 ]
R 1 706 261 [ 0, 0, 0, 0, 0 ]
R 1 707 693 [ 0, 0, 0, 0, 0 ]
R 1 708 694 [ 0, 0, 0, 0, 0 ]
R 1 709 715 [ 0, 0, 0, 0, 0 ]
R 1 710 702 [ 0, 0, 0, 0, 0 ]
R 1 711 213 [ 0, 0, 0, 0, 0 ]
R 1 712 607 [ 0, 0, 0, 0, 0 ]
R 1 713 244 [ 0, 0, 0, 0, 0 ]
R 1 714 153 [ 0, 0, 0, 0, 0 ]
R 1 715 57 [ 0, 0, 0, 0, 0 ]
R 1 716 247 [ 0, 0, 0, 0, 0 ]
R 1 717 62 [ 0, 0, 0, 0, 0 ]
R 1 718 334 [ 0, 0, 0, 0, 0 ]
R 1 719 639 [ 0, 0, 0, 0, 0 ]
R 1 720 641 [ 0, 0, 0, 0, 0 ]
R 1 721 713 [ 0, 0, 0, 0, 0 ]
R 1 722 440 [ 0, 0, 0, 0, 0 ]
R 1 723 605 [ 0, 0, 0, 0, 0 ]
R 1 724 535 [ 0, 0, 0, 0, 0 ]
R 1 725 303 [ 0, 0, 0, 0, 0 ]
R 1 726 246 [ 0, 0, 0, 0, 0 ]
R 1 727 152 [ 0, 0, 0, 0, 0 ]
R 1 728 199 [ 0, 0, 0, 0, 0 ]
R 2 0 2 [ 0, 0, 0, 0, 0 ]
R 2 1 8 [ 0, 0, 0, 0, 0 ]
R 2 2 12 [ 0, 0, 0, 0, 0 ]
R 2 3 36 [ 0, 0, 0, 0, 0 ]
R 2 4 14 [ 0, 0, 0, 0, 0 ]
R 2 5 38 [ 0, 0, 0, 0, 0 ]
R 2 6 15 [ 0, 0, 0, 0, 0 ]
R 2 7 22 [ 0, 0, 0, 0, 0 ]
R 2 8 26 [ 0, 0, 0, 0, 0 ]
R 2 9 304 [ 1, 0, 0, 0, 2 ]
R 2 10 27 [ 0, 0, 0, 0, 0 ]
R 2 11 53 [ 0, 0, 0, 0, 0 ]
R 2 12 0 [ 0, 0, 0, 0, 0 ]
R 2 13 57 [ 0, 0, 0, 0, 0 ]
R 2 14 33 [ 0, 0, 0, 0, 0 ]
R 2 15 34 [ 0, 0, 0, 0, 0 ]
R 2 16 90 [ 0, 0, 0, 0, 0 ]
R 2 17 160 [ 0, 0, 0, 0, 0 ]
R 2 18 62 [ 0, 0, 0, 0, 0 ]
R 2 19 37 [ 0, 0, 0, 0, 0 ]
R 2 20 96 [ 0, 0, 0, 0, 0 ]
R 2 21 39 [ 0, 0, 0, 0, 0 ]
R 2 22 45 [ 0, 0, 0, 0, 0 ]
R 2 23 215 [ 2, 0, 0, 0, 1 ]
R 2 24 46 [ 0, 0, 0, 0, 0 ]
R 2 25 76 [ 0, 0, 0, 0, 0 ]
R 2 26 1 [ 0, 0, 0, 0, 0 ]
R 2 27 51 [ 0, 0, 0, 0, 0 ]
R 2 28 374 [ 2, 0, 0, 0, 0 ]
R 2 29 617 [ 1, 0, 0, 0, 2 ]
R 2 30 52 [ 0, 0, 0, 0, 0 ]
R 2 31 110 [ 0, 0, 0, 0, 0 ]
R 2 32 18 [ 0, 0, 0, 0, 0 ]
R 2 33 4 [ 0, 0, 0, 0, 0 ]
R 2 34 6 [ 0, 0, 0, 0, 0 ]
R 2 35 112 [ 0, 0, 0, 0, 0 ]
R 2 36 88 [ 0, 0, 0, 0, 0 ]
R 2 37 58 [ 0, 0, 0, 0, 0 ]
R 2 38 156 [ 0, 0, 0, 0, 0 ]
R 2 39 59 [ 0, 0, 0, 0, 0 ]
R 2 40 199 [ 0, 0, 0, 0, 0 ]
R 2 41 35 [ 0, 0, 0, 0, 0 ]
R 2 42 91 [ 0, 0, 0, 0, 0 ]
R 2 43 203 [ 0, 0, 0, 0, 0 ]
R 2 44 13 [ 0, 0, 0, 0, 0 ]
R 2 45 7 [ 0, 0, 0, 0, 0 ]
R 2 46 74 [ 0, 0, 0, 0, 0 ]
R 2 47 504 [ 1, 0, 0, 0, 0 ]
R 2 48 510 [ 2, 0, 0, 0, 1 ]
R 2 49 75 [ 0, 0, 0, 0, 0 ]
R 2 50 136 [ 0, 0, 0, 0, 0 ]
R 2 51 10 [ 0, 0, 0, 0, 0 ]
R 2 52 80 [ 0, 0, 0, 0, 0 ]
R 2 53 182 [ 0, 0, 0, 0, 0 ]
R 2 54 372 [ 2, 0, 0, 0, 0 ]
R 2 55 673 [ 1, 0, 0, 0, 2 ]
R 2 56 64 [ 0, 0, 0, 0, 0 ]
R 2 57 44 [ 0, 0, 0, 0, 0 ]
R 2 58 19 [ 0, 0, 0, 0, 0 ]
R 2 59 21 [ 0, 0, 0, 0, 0 ]
R 2 60 56 [ 0, 0, 0, 0, 0 ]
R 2 61 397 [ 0, 0, 0, 0, 0 ]
R 2 62 32 [ 0, 0, 0, 0, 0 ]
R 2 63 402 [ 0, 0, 0, 0, 0 ]
R 2 64 60 [ 0, 0, 0, 0, 0 ]
R 2 65 118 [ 0, 0, 0, 0, 0 ]
R 2 66 93 [ 0, 0, 0, 0, 0 ]
R 2 67 162 [ 0, 0, 0, 0, 0 ]
R 2 68 119 [ 0, 0, 0, 0, 0 ]
R 2 69 94 [ 0, 0, 0, 0, 0 ]
R 2 70 95 [ 0, 0, 0, 0, 0 ]
R 2 71 163 [ 0, 0, 0, 0, 0 ]
R 2 72 120 [ 0, 0, 0, 0, 0 ]
R 2 73 121 [ 0, 0, 0, 0, 0 ]
R 2 74 24 [ 0, 0, 0, 0, 0 ]
R 2 75 101 [ 0, 0, 0, 0, 0 ]
R 2 76 212 [ 0, 0, 0, 0, 0 ]
R 2 77 702 [ 1, 0, 0, 0, 0 ]
R 2 78 595 [ 2, 0, 0, 0, 1 ]
R 2 79 314 [ 1, 0, 0, 0, 2 ]
R 2 80 30 [ 0, 0, 0, 0, 0 ]
R 2 81 614 [ 2, 0, 0, 0, 0 ]
R 2 82 550 [ 1, 0, 0, 0, 2 ]
R 2 83 145 [ 1, 0, 0, 0, 2 ]
R 2 84 147 [ 0, 0, 0, 0, 0 ]
R 2 85 188 [ 0, 0, 0, 0, 0 ]
R 2 86 148 [ 0, 0, 0, 0, 0 ]
R 2 87 16 [ 0, 0, 0, 0, 0 ]
R 2 88 3 [ 0, 0, 0, 0, 0 ]
R 2 89 475 [ 0, 0, 0, 0, 0 ]
R 2 90 87 [ 0, 0, 0, 0, 0 ]
R 2 91 152 [ 0, 0, 0, 0, 0 ]
R 2 92 153 [ 0, 0, 0, 0, 0 ]
R 2 93 113 [ 0, 0, 0, 0, 0 ]
R 2 94 114 [ 0, 0, 0, 0, 0 ]
R 2 95 115 [ 0, 0, 0, 0, 0 ]
R 2 96 116 [ 0, 0, 0, 0, 0 ]
R 2 97 158 [ 0, 0, 0, 0, 0 ]
R 2 98 331 [ 0, 0, 0, 0, 0 ]
R 2 99 61 [ 0, 0, 0, 0, 0 ]
R 2 100 159 [ 0, 0, 0, 0, 0 ]
R 2 101 49 [ 0, 0, 0, 0, 0 ]
R 2 102 419 [ 2, 0, 0, 0, 1 ]
R 2 103 701 [ 1, 0, 0, 0, 0 ]
R 2 104 174 [ 0, 0, 0, 0, 0 ]
R 2 105 217 [ 0, 0, 0, 0, 0 ]
R 2 106 175 [ 0, 0, 0, 0, 0 ]
R 2 107 605 [ 2, 0, 0, 0, 0 ]
R 2 108 534 [ 1, 0, 0, 0, 2 ]
R 2 109 538 [ 1, 0, 0, 0, 2 ]
R 2 110 143 [ 0, 0, 0, 0, 0 ]
R 2 111 461 [ 1, 0, 0, 0, 2 ]
R 2 112 41 [ 0, 0, 0, 0, 0 ]
R 2 113 66 [ 0, 0, 0, 0, 0 ]
R 2 114 69 [ 0, 0, 0, 0, 0 ]
R 2 115 70 [ 0, 0, 0, 0, 0 ]
R 2 116 20 [ 0, 0, 0, 0, 0 ]
R 2 117 249 [ 0, 0, 0, 0, 0 ]
R 2 118 324 [ 0, 0, 0, 0, 0 ]
R 2 119 325 [ 0, 0, 0, 0, 0 ]
R 2 120 327 [ 0, 0, 0, 0, 0 ]
R 2 121 328 [ 0, 0, 0, 0, 0 ]
R 2 122 252 [ 0, 0, 0, 0, 0 ]
R 2 123 157 [ 0, 0, 0, 0, 0 ]
R 2 124 200 [ 0, 0, 0, 0, 0 ]
R 2 125 89 [ 0, 0, 0, 0, 0 ]
R 2 126 404 [ 0, 0, 0, 0, 0 ]
R 2 127 405 [ 0, 0, 0, 0, 0 ]
R 2 128 92 [ 0, 0, 0, 0, 0 ]
R 2 129 202 [ 0, 0, 0, 0, 0 ]
R 2 130 258 [ 0, 0, 0, 0, 0 ]
R 2 131 161 [ 0, 0, 0, 0, 0 ]
R 2 132 259 [ 0, 0, 0, 0, 0 ]
R 2 133 520 [ 1, 0, 0, 0, 0 ]
R 2 134 289 [ 2, 0, 0, 0, 1 ]
R 2 135 585 [ 2, 0, 0, 0, 1 ]
R 2 136 169 [ 0, 0, 0, 0, 0 ]
R 2 137 703 [ 2, 0, 0, 0, 1 ]
R 2 138 509 [ 2, 0, 0, 0, 1 ]
R 2 139 349 [ 2, 0, 0, 0, 1 ]
R 2 140 281 [ 2, 0, 0, 0, 1 ]
R 2 141 468 [ 2, 0, 0, 0, 0 ]
R 2 142 561 [ 1, 0, 0, 0, 2 ]
R 2 143 31 [ 0, 0, 0, 0, 0 ]
R 2 144 604 [ 2, 0, 0, 0, 0 ]
R 2 145 535 [ 1, 0, 0, 0, 2 ]
R 2 146 448 [ 1, 0, 0, 0, 2 ]
R 2 147 366 [ 0, 0, 0, 0, 0 ]
R 2 148 367 [ 0, 0, 0, 0, 0 ]
R 2 149 544 [ 2, 0, 0, 0, 0 ]
R 2 150 672 [ 1, 0, 0, 0, 2 ]
R 2 151 305 [ 0, 0, 0, 0, 0 ]
R 2 152 42 [ 0, 0, 0, 0, 0 ]
R 2 153 128 [ 0, 0, 0, 0, 0 ]
R 2 154 129 [ 0, 0, 0, 0, 0 ]
R 2 155 98 [ 0, 0, 0, 0, 0 ]
R 2 156 5 [ 0, 0, 0, 0, 0 ]
R 2 157 474 [ 0, 0, 0, 0, 0 ]
R 2 158 247 [ 0, 0, 0, 0, 0 ]
R 2 159 195 [ 0, 0, 0, 0, 0 ]
R 2 160 396 [ 0, 0, 0, 0, 0 ]
R 2 161 196 [ 0, 0, 0, 0, 0 ]
R 2 162 197 [ 0, 0, 0, 0, 0 ]
R 2 163 198 [ 0, 0, 0, 0, 0 ]
R 2 164 329 [ 0, 0, 0, 0, 0 ]
R 2 165 481 [ 0, 0, 0, 0, 0 ]
R 2 166 256 [ 0, 0, 0, 0, 0 ]
R 2 167 117 [ 0, 0, 0, 0, 0 ]
R 2 168 522 [ 2, 0, 0, 0, 1 ]
R 2 169 50 [ 0, 0, 0, 0, 0 ]
R 2 170 489 [ 1, 0, 0, 0, 0 ]
R 2 171 641 [ 1, 0, 0, 0, 0 ]
R 2 172 493 [ 2, 0, 0, 0, 1 ]
R 2 173 496 [ 2, 0, 0, 0, 1 ]
R 2 174 422 [ 0, 0, 0, 0, 0 ]
R 2 175 423 [ 0, 0, 0, 0, 0 ]
R 2 176 343 [ 0, 0, 0, 0, 0 ]
R 2 177 502 [ 1, 0, 0, 0, 0 ]
R 2 178 172 [ 2, 0, 0, 0, 1 ]
R 2 179 350 [ 0, 0, 0, 0, 0 ]
R 2 180 557 [ 2, 0, 0, 0, 0 ]
R 2 181 383 [ 1, 0, 0, 0, 2 ]
R 2 182 11 [ 0, 0, 0, 0, 0 ]
R 2 183 443 [ 2, 0, 0, 0, 0 ]
R 2 184 362 [ 2, 0, 0, 0, 0 ]
R 2 185 446 [ 1, 0, 0, 0, 2 ]
R 2 186 296 [ 1, 0, 0, 0, 2 ]
R 2 187 608 [ 1, 0, 0, 0, 2 ]
R 2 188 227 [ 0, 0, 0, 0, 0 ]
R 2 189 460 [ 1, 0, 0, 0, 2 ]
R 2 190 185 [ 1, 0, 0, 0, 2 ]
R 2 191 301 [ 1, 0, 0, 0, 2 ]
R 2 192 549 [ 1, 0, 0, 0, 2 ]
R 2 193 204 [ 0, 0, 0, 0, 0 ]
R 2 194 166 [ 0, 0, 0, 0, 0 ]
R 2 195 100 [ 0, 0, 0, 0, 0 ]
R 2 196 131 [ 0, 0, 0, 0, 0 ]
R 2 197 67 [ 0, 0, 0, 0, 0 ]
R 2 198 71 [ 0, 0, 0, 0, 0 ]
R 2 199 476 [ 0, 0, 0, 0, 0 ]
R 2 200 246 [ 0, 0, 0, 0, 0 ]
R 2 201 322 [ 0, 0, 0, 0, 0 ]
R 2 202 154 [ 0, 0, 0, 0, 0 ]
R 2 203 395 [ 0, 0, 0, 0, 0 ]
R 2 204 255 [ 0, 0, 0, 0, 0 ]
R 2 205 332 [ 0, 0, 0, 0, 0 ]
R 2 206 407 [ 0, 0, 0, 0, 0 ]
R 2 207 333 [ 0, 0, 0, 0, 0 ]
R 2 208 656 [ 1, 0, 0, 0, 0 ]
R 2 209 601 [ 2, 0, 0, 0, 1 ]
R 2 210 140 [ 2, 0, 0, 0, 1 ]
R 2 211 524 [ 2, 0, 0, 0, 1 ]
R 2 212 25 [ 0, 0, 0, 0, 0 ]
R 2 213 643 [ 1, 0, 0, 0, 0 ]
R 2 214 495 [ 2, 0, 0, 0, 1 ]
R 2 215 341 [ 2, 0, 0, 0, 1 ]
R 2 216 421 [ 0, 0, 0, 0, 0 ]
R 2 217 274 [ 0, 0, 0, 0, 0 ]
R 2 218 592 [ 1, 0, 0, 0, 0 ]
R 2 219 649 [ 1, 0, 0, 0, 0 ]
R 2 220 651 [ 2, 0, 0, 0, 1 ]
R 2 221 428 [ 0, 0, 0, 0, 0 ]
R 2 222 282 [ 0, 0, 0, 0, 0 ]
R 2 223 235 [ 2, 0, 0, 0, 0 ]
R 2 224 381 [ 2, 0, 0, 0, 0 ]
R 2 225 470 [ 1, 0, 0, 0, 2 ]
R 2 226 560 [ 1, 0, 0, 0, 2 ]
R 2 227 85 [ 0, 0, 0, 0, 0 ]
R 2 228 319 [ 0, 0, 0, 0, 0 ]
R 2 229 663 [ 2, 0, 0, 0, 0 ]
R 2 230 709 [ 1, 0, 0, 0, 2 ]
R 2 231 228 [ 0, 0, 0, 0, 0 ]
R 2 232 610 [ 0, 0, 0, 0, 0 ]
R 2 233 454 [ 0, 0, 0, 0, 0 ]
R 2 234 455 [ 0, 0, 0, 0, 0 ]
R 2 235 611 [ 2, 0, 0, 0, 0 ]
R 2 236 670 [ 2, 0, 0, 0, 0 ]
R 2 237 545 [ 2, 0, 0, 0, 0 ]
R 2 238 183 [ 2, 0, 0, 0, 0 ]
R 2 239 615 [ 1, 0, 0, 0, 2 ]
R 2 240 146 [ 1, 0, 0, 0, 2 ]
R 2 241 463 [ 0, 0, 0, 0, 0 ]
R 2 242 306 [ 0, 0, 0, 0, 0 ]
R 2 243 234 [ 0, 0, 0, 0, 0 ]
R 2 244 122 [ 0, 0, 0, 0, 0 ]
R 2 245 264 [ 0, 0, 0, 0, 0 ]
R 2 246 124 [ 0, 0, 0, 0, 0 ]
R 2 247 97 [ 0, 0, 0, 0, 0 ]
R 2 248 335 [ 0, 0, 0, 0, 0 ]
R 2 249 167 [ 0, 0, 0, 0, 0 ]
R 2 250 206 [ 0, 0, 0, 0, 0 ]
R 2 251 472 [ 0, 0, 0, 0, 0 ]
R 2 252 244 [ 0, 0, 0, 0, 0 ]
R 2 253 245 [ 0, 0, 0, 0, 0 ]
R 2 254 473 [ 0, 0, 0, 0, 0 ]
R 2 255 193 [ 0, 0, 0, 0, 0 ]
R 2 256 194 [ 0, 0, 0, 0, 0 ]
R 2 257 568 [ 0, 0, 0, 0, 0 ]
R 2 258 323 [ 0, 0, 0, 0, 0 ]
R 2 259 326 [ 0, 0, 0, 0, 0 ]
R 2 260 400 [ 0, 0, 0, 0, 0 ]
R 2 261 251 [ 0, 0, 0, 0, 0 ]
R 2 262 573 [ 0, 0, 0, 0, 0 ]
R 2 263 633 [ 0, 0, 0, 0, 0 ]
R 2 264 253 [ 0, 0, 0, 0, 0 ]
R 2 265 254 [ 0, 0, 0, 0, 0 ]
R 2 266 634 [ 0, 0, 0, 0, 0 ]
R 2 267 201 [ 0, 0, 0, 0, 0 ]
R 2 268 482 [ 0, 0, 0, 0, 0 ]
R 2 269 406 [ 0, 0, 0, 0, 0 ]
R 2 270 483 [ 0, 0, 0, 0, 0 ]
R 2 271 408 [ 0, 0, 0, 0, 0 ]
R 2 272 219 [ 1, 0, 0, 0, 0 ]
R 2 273 435 [ 2, 0, 0, 0, 1 ]
R 2 274 105 [ 0, 0, 0, 0, 0 ]
R 2 275 222 [ 0, 0, 0, 0, 0 ]
R 2 276 361 [ 0, 0, 0, 0, 0 ]
R 2 277 640 [ 1, 0, 0, 0, 0 ]
R 2 278 714 [ 2, 0, 0, 0, 1 ]
R 2 279 273 [ 2, 0, 0, 0, 1 ]
R 2 280 715 [ 2, 0, 0, 0, 1 ]
R 2 281 210 [ 2, 0, 0, 0, 1 ]
R 2 282 275 [ 0, 0, 0, 0, 0 ]
R 2 283 501 [ 0, 0, 0, 0, 0 ]
R 2 284 647 [ 1, 0, 0, 0, 0 ]
R 2 285 590 [ 1, 0, 0, 0, 0 ]
R 2 286 506 [ 2, 0, 0, 0, 1 ]
R 2 287 652 [ 2, 0, 0, 0, 1 ]
R 2 288 214 [ 2, 0, 0, 0, 1 ]
R 2 289 427 [ 2, 0, 0, 0, 1 ]
R 2 290 514 [ 0, 0, 0, 0, 0 ]
R 2 291 176 [ 0, 0, 0, 0, 0 ]
R 2 292 283 [ 0, 0, 0, 0, 0 ]
R 2 293 380 [ 2, 0, 0, 0, 0 ]
R 2 294 191 [ 1, 0, 0, 0, 2 ]
R 2 295 676 [ 1, 0, 0, 0, 2 ]
R 2 296 558 [ 1, 0, 0, 0, 2 ]
R 2 297 111 [ 1, 0, 0, 0, 2 ]
R 2 298 9 [ 1, 0, 0, 0, 2 ]
R 2 299 390 [ 0, 0, 0, 0, 0 ]
R 2 300 720 [ 2, 0, 0, 0, 0 ]
R 2 301 294 [ 1, 0, 0, 0, 2 ]
R 2 302 295 [ 1, 0, 0, 0, 2 ]
R 2 303 79 [ 1, 0, 0, 0, 2 ]
R 2 304 298 [ 1, 0, 0, 0, 2 ]
R 2 305 364 [ 0, 0, 0, 0, 0 ]
R 2 306 451 [ 0, 0, 0, 0, 0 ]
R 2 307 541 [ 0, 0, 0, 0, 0 ]
R 2 308 456 [ 0, 0, 0, 0, 0 ]
R 2 309 710 [ 2, 0, 0, 0, 0 ]
R 2 310 457 [ 2, 0, 0, 0, 0 ]
R 2 311 613 [ 2, 0, 0, 0, 0 ]
R 2 312 547 [ 1, 0, 0, 0, 2 ]
R 2 313 548 [ 1, 0, 0, 0, 2 ]
R 2 314 303 [ 1, 0, 0, 0, 2 ]
R 2 315 462 [ 0, 0, 0, 0, 0 ]
R 2 316 375 [ 0, 0, 0, 0, 0 ]
R 2 317 553 [ 0, 0, 0, 0, 0 ]
R 2 318 555 [ 0, 0, 0, 0, 0 ]
R 2 319 231 [ 0, 0, 0, 0, 0 ]
R 2 320 164 [ 0, 0, 0, 0, 0 ]
R 2 321 63 [ 0, 0, 0, 0, 0 ]
R 2 322 267 [ 0, 0, 0, 0, 0 ]
R 2 323 130 [ 0, 0, 0, 0, 0 ]
R 2 324 65 [ 0, 0, 0, 0, 0 ]
R 2 325 68 [ 0, 0, 0, 0, 0 ]
R 2 326 132 [ 0, 0, 0, 0, 0 ]
R 2 327 72 [ 0, 0, 0, 0, 0 ]
R 2 328 73 [ 0, 0, 0, 0, 0 ]
R 2 329 320 [ 0, 0, 0, 0, 0 ]
R 2 330 567 [ 0, 0, 0, 0, 0 ]
R 2 331 155 [ 0, 0, 0, 0, 0 ]
R 2 332 398 [ 0, 0, 0, 0, 0 ]
R 2 333 399 [ 0, 0, 0, 0, 0 ]
R 2 334 479 [ 0, 0, 0, 0, 0 ]
R 2 335 686 [ 0, 0, 0, 0, 0 ]
R 2 336 257 [ 0, 0, 0, 0, 0 ]
R 2 337 355 [ 1, 0, 0, 0, 0 ]
R 2 338 599 [ 1, 0, 0, 0, 0 ]
R 2 339 437 [ 2, 0, 0, 0, 1 ]
R 2 340 139 [ 2, 0, 0, 0, 1 ]
R 2 341 23 [ 2, 0, 0, 0, 1 ]
R 2 342 221 [ 0, 0, 0, 0, 0 ]
R 2 343 291 [ 0, 0, 0, 0, 0 ]
R 2 344 637 [ 1, 0, 0, 0, 0 ]
R 2 345 638 [ 1, 0, 0, 0, 0 ]
R 2 346 726 [ 1, 0, 0, 0, 0 ]
R 2 347 639 [ 1, 0, 0, 0, 0 ]
R 2 348 339 [ 2, 0, 0, 0, 1 ]
R 2 349 340 [ 2, 0, 0, 0, 1 ]
R 2 350 420 [ 0, 0, 0, 0, 0 ]
R 2 351 698 [ 0, 0, 0, 0, 0 ]
R 2 352 276 [ 0, 0, 0, 0, 0 ]
R 2 353 500 [ 0, 0, 0, 0, 0 ]
R 2 354 345 [ 1, 0, 0, 0, 0 ]
R 2 355 593 [ 1, 0, 0, 0, 0 ]
R 2 356 425 [ 2, 0, 0, 0, 1 ]
R 2 357 102 [ 2, 0, 0, 0, 1 ]
R 2 358 216 [ 0, 0, 0, 0, 0 ]
R 2 359 512 [ 0, 0, 0, 0, 0 ]
R 2 360 513 [ 0, 0, 0, 0, 0 ]
R 2 361 352 [ 0, 0, 0, 0, 0 ]
R 2 362 467 [ 2, 0, 0, 0, 0 ]
R 2 363 189 [ 1, 0, 0, 0, 2 ]
R 2 364 151 [ 0, 0, 0, 0, 0 ]
R 2 365 241 [ 0, 0, 0, 0, 0 ]
R 2 366 84 [ 0, 0, 0, 0, 0 ]
R 2 367 86 [ 0, 0, 0, 0, 0 ]
R 2 368 386 [ 0, 0, 0, 0, 0 ]
R 2 369 661 [ 2, 0, 0, 0, 0 ]
R 2 370 442 [ 2, 0, 0, 0, 0 ]
R 2 371 293 [ 2, 0, 0, 0, 0 ]
R 2 372 533 [ 2, 0, 0, 0, 0 ]
R 2 373 224 [ 2, 0, 0, 0, 0 ]
R 2 374 444 [ 2, 0, 0, 0, 0 ]
R 2 375 539 [ 0, 0, 0, 0, 0 ]
R 2 376 368 [ 0, 0, 0, 0, 0 ]
R 2 377 299 [ 0, 0, 0, 0, 0 ]
R 2 378 711 [ 2, 0, 0, 0, 0 ]
R 2 379 669 [ 2, 0, 0, 0, 0 ]
R 2 380 371 [ 2, 0, 0, 0, 0 ]
R 2 381 373 [ 2, 0, 0, 0, 0 ]
R 2 382 230 [ 1, 0, 0, 0, 2 ]
R 2 383 616 [ 1, 0, 0, 0, 2 ]
R 2 384 109 [ 1, 0, 0, 0, 2 ]
R 2 385 554 [ 0, 0, 0, 0, 0 ]
R 2 386 376 [ 0, 0, 0, 0, 0 ]
R 2 387 556 [ 0, 0, 0, 0, 0 ]
R 2 388 232 [ 0, 0, 0, 0, 0 ]
R 2 389 233 [ 0, 0, 0, 0, 0 ]
R 2 390 377 [ 0, 0, 0, 0, 0 ]
R 2 391 308 [ 0, 0, 0, 0, 0 ]
R 2 392 412 [ 0, 0, 0, 0, 0 ]
R 2 393 415 [ 0, 0, 0, 0, 0 ]
R 2 394 417 [ 0, 0, 0, 0, 0 ]
R 2 395 43 [ 0, 0, 0, 0, 0 ]
R 2 396 17 [ 0, 0, 0, 0, 0 ]
R 2 397 99 [ 0, 0, 0, 0, 0 ]
R 2 398 205 [ 0, 0, 0, 0, 0 ]
R 2 399 207 [ 0, 0, 0, 0, 0 ]
R 2 400 677 [ 0, 0, 0, 0, 0 ]
R 2 401 392 [ 0, 0, 0, 0, 0 ]
R 2 402 321 [ 0, 0, 0, 0, 0 ]
R 2 403 680 [ 0, 0, 0, 0, 0 ]
R 2 404 631 [ 0, 0, 0, 0, 0 ]
R 2 405 681 [ 0, 0, 0, 0, 0 ]
R 2 406 477 [ 0, 0, 0, 0, 0 ]
R 2 407 250 [ 0, 0, 0, 0, 0 ]
R 2 408 478 [ 0, 0, 0, 0, 0 ]
R 2 409 684 [ 0, 0, 0, 0, 0 ]
R 2 410 682 [ 0, 0, 0, 0, 0 ]
R 2 411 572 [ 0, 0, 0, 0, 0 ]
R 2 412 401 [ 0, 0, 0, 0, 0 ]
R 2 413 685 [ 0, 0, 0, 0, 0 ]
R 2 414 574 [ 0, 0, 0, 0, 0 ]
R 2 415 575 [ 0, 0, 0, 0, 0 ]
R 2 416 330 [ 0, 0, 0, 0, 0 ]
R 2 417 576 [ 0, 0, 0, 0, 0 ]
R 2 418 434 [ 2, 0, 0, 0, 1 ]
R 2 419 357 [ 2, 0, 0, 0, 1 ]
R 2 420 179 [ 0, 0, 0, 0, 0 ]
R 2 421 358 [ 0, 0, 0, 0, 0 ]
R 2 422 104 [ 0, 0, 0, 0, 0 ]
R 2 423 106 [ 0, 0, 0, 0, 0 ]
R 2 424 531 [ 0, 0, 0, 0, 0 ]
R 2 425 584 [ 2, 0, 0, 0, 1 ]
R 2 426 211 [ 2, 0, 0, 0, 1 ]
R 2 427 134 [ 2, 0, 0, 0, 1 ]
R 2 428 342 [ 0, 0, 0, 0, 0 ]
R 2 429 424 [ 0, 0, 0, 0, 0 ]
R 2 430 728 [ 1, 0, 0, 0, 0 ]
R 2 431 346 [ 1, 0, 0, 0, 0 ]
R 2 432 648 [ 1, 0, 0, 0, 0 ]
R 2 433 700 [ 1, 0, 0, 0, 0 ]
R 2 434 507 [ 2, 0, 0, 0, 1 ]
R 2 435 279 [ 2, 0, 0, 0, 1 ]
R 2 436 280 [ 2, 0, 0, 0, 1 ]
R 2 437 348 [ 2, 0, 0, 0, 1 ]
R 2 438 353 [ 0, 0, 0, 0, 0 ]
R 2 439 619 [ 2, 0, 0, 0, 0 ]
R 2 440 310 [ 2, 0, 0, 0, 0 ]
R 2 441 237 [ 2, 0, 0, 0, 0 ]
R 2 442 622 [ 2, 0, 0, 0, 0 ]
R 2 443 238 [ 2, 0, 0, 0, 0 ]
R 2 444 28 [ 2, 0, 0, 0, 0 ]
R 2 445 623 [ 1, 0, 0, 0, 2 ]
R 2 446 190 [ 1, 0, 0, 0, 2 ]
R 2 447 313 [ 1, 0, 0, 0, 2 ]
R 2 448 240 [ 1, 0, 0, 0, 2 ]
R 2 449 315 [ 0, 0, 0, 0, 0 ]
R 2 450 563 [ 0, 0, 0, 0, 0 ]
R 2 451 242 [ 0, 0, 0, 0, 0 ]
R 2 452 318 [ 0, 0, 0, 0, 0 ]
R 2 453 387 [ 0, 0, 0, 0, 0 ]
R 2 454 389 [ 0, 0, 0, 0, 0 ]
R 2 455 243 [ 0, 0, 0, 0, 0 ]
R 2 456 391 [ 0, 0, 0, 0, 0 ]
R 2 457 440 [ 2, 0, 0, 0, 0 ]
R 2 458 445 [ 1, 0, 0, 0, 2 ]
R 2 459 225 [ 1, 0, 0, 0, 2 ]
R 2 460 363 [ 1, 0, 0, 0, 2 ]
R 2 461 297 [ 1, 0, 0, 0, 2 ]
R 2 462 449 [ 0, 0, 0, 0, 0 ]
R 2 463 365 [ 0, 0, 0, 0, 0 ]
R 2 464 450 [ 0, 0, 0, 0, 0 ]
R 2 465 543 [ 2, 0, 0, 0, 0 ]
R 2 466 300 [ 2, 0, 0, 0, 0 ]
R 2 467 184 [ 2, 0, 0, 0, 0 ]
R 2 468 546 [ 2, 0, 0, 0, 0 ]
R 2 469 107 [ 2, 0, 0, 0, 0 ]
R 2 470 459 [ 1, 0, 0, 0, 2 ]
R 2 471 307 [ 0, 0, 0, 0, 0 ]
R 2 472 261 [ 0, 0, 0, 0, 0 ]
R 2 473 265 [ 0, 0, 0, 0, 0 ]
R 2 474 123 [ 0, 0, 0, 0, 0 ]
R 2 475 125 [ 0, 0, 0, 0, 0 ]
R 2 476 40 [ 0, 0, 0, 0, 0 ]
R 2 477 269 [ 0, 0, 0, 0, 0 ]
R 2 478 271 [ 0, 0, 0, 0, 0 ]
R 2 479 564 [ 0, 0, 0, 0, 0 ]
R 2 480 566 [ 0, 0, 0, 0, 0 ]
R 2 481 712 [ 0, 0, 0, 0, 0 ]
R 2 482 570 [ 0, 0, 0, 0, 0 ]
R 2 483 571 [ 0, 0, 0, 0, 0 ]
R 2 484 725 [ 0, 0, 0, 0, 0 ]
R 2 485 403 [ 0, 0, 0, 0, 0 ]
R 2 486 687 [ 0, 0, 0, 0, 0 ]
R 2 487 515 [ 1, 0, 0, 0, 0 ]
R 2 488 433 [ 1, 0, 0, 0, 0 ]
R 2 489 517 [ 1, 0, 0, 0, 0 ]
R 2 490 103 [ 1, 0, 0, 0, 0 ]
R 2 491 658 [ 2, 0, 0, 0, 1 ]
R 2 492 600 [ 2, 0, 0, 0, 1 ]
R 2 493 178 [ 2, 0, 0, 0, 1 ]
R 2 494 287 [ 2, 0, 0, 0, 1 ]
R 2 495 288 [ 2, 0, 0, 0, 1 ]
R 2 496 523 [ 2, 0, 0, 0, 1 ]
R 2 497 528 [ 0, 0, 0, 0, 0 ]
R 2 498 359 [ 0, 0, 0, 0, 0 ]
R 2 499 290 [ 0, 0, 0, 0, 0 ]
R 2 500 438 [ 0, 0, 0, 0, 0 ]
R 2 501 292 [ 0, 0, 0, 0, 0 ]
R 2 502 694 [ 1, 0, 0, 0, 0 ]
R 2 503 338 [ 1, 0, 0, 0, 0 ]
R 2 504 581 [ 1, 0, 0, 0, 0 ]
R 2 505 492 [ 2, 0, 0, 0, 1 ]
R 2 506 582 [ 2, 0, 0, 0, 1 ]
R 2 507 418 [ 2, 0, 0, 0, 1 ]
R 2 508 209 [ 2, 0, 0, 0, 1 ]
R 2 509 583 [ 2, 0, 0, 0, 1 ]
R 2 510 586 [ 2, 0, 0, 0, 1 ]
R 2 511 497 [ 0, 0, 0, 0, 0 ]
R 2 512 498 [ 0, 0, 0, 0, 0 ]
R 2 513 645 [ 0, 0, 0, 0, 0 ]
R 2 514 499 [ 0, 0, 0, 0, 0 ]
R 2 515 699 [ 1, 0, 0, 0, 0 ]
R 2 516 347 [ 1, 0, 0, 0, 0 ]
R 2 517 170 [ 1, 0, 0, 0, 0 ]
R 2 518 277 [ 1, 0, 0, 0, 0 ]
R 2 519 171 [ 1, 0, 0, 0, 0 ]
R 2 520 594 [ 1, 0, 0, 0, 0 ]
R 2 521 213 [ 1, 0, 0, 0, 0 ]
R 2 522 653 [ 2, 0, 0, 0, 1 ]
R 2 523 173 [ 2, 0, 0, 0, 1 ]
R 2 524 426 [ 2, 0, 0, 0, 1 ]
R 2 525 596 [ 0, 0, 0, 0, 0 ]
R 2 526 704 [ 0, 0, 0, 0, 0 ]
R 2 527 654 [ 0, 0, 0, 0, 0 ]
R 2 528 511 [ 0, 0, 0, 0, 0 ]
R 2 529 598 [ 0, 0, 0, 0, 0 ]
R 2 530 351 [ 0, 0, 0, 0, 0 ]
R 2 531 429 [ 0, 0, 0, 0, 0 ]
R 2 532 674 [ 2, 0, 0, 0, 0 ]
R 2 533 54 [ 2, 0, 0, 0, 0 ]
R 2 534 624 [ 1, 0, 0, 0, 2 ]
R 2 535 83 [ 1, 0, 0, 0, 2 ]
R 2 536 55 [ 1, 0, 0, 0, 2 ]
R 2 537 29 [ 1, 0, 0, 0, 2 ]
R 2 538 384 [ 1, 0, 0, 0, 2 ]
R 2 539 316 [ 0, 0, 0, 0, 0 ]
R 2 540 317 [ 0, 0, 0, 0, 0 ]
R 2 541 471 [ 0, 0, 0, 0, 0 ]
R 2 542 439 [ 2, 0, 0, 0, 0 ]
R 2 543 719 [ 2, 0, 0, 0, 0 ]
R 2 544 662 [ 2, 0, 0, 0, 0 ]
R 2 545 441 [ 2, 0, 0, 0, 0 ]
R 2 546 141 [ 2, 0, 0, 0, 0 ]
R 2 547 666 [ 1, 0, 0, 0, 2 ]
R 2 548 447 [ 1, 0, 0, 0, 2 ]
R 2 549 607 [ 1, 0, 0, 0, 2 ]
R 2 550 667 [ 1, 0, 0, 0, 2 ]
R 2 551 226 [ 1, 0, 0, 0, 2 ]
R 2 552 142 [ 1, 0, 0, 0, 2 ]
R 2 553 540 [ 0, 0, 0, 0, 0 ]
R 2 554 668 [ 0, 0, 0, 0, 0 ]
R 2 555 452 [ 0, 0, 0, 0, 0 ]
R 2 556 453 [ 0, 0, 0, 0, 0 ]
R 2 557 671 [ 2, 0, 0, 0, 0 ]
R 2 558 186 [ 1, 0, 0, 0, 2 ]
R 2 559 187 [ 1, 0, 0, 0, 2 ]
R 2 560 551 [ 1, 0, 0, 0, 2 ]
R 2 561 552 [ 1, 0, 0, 0, 2 ]
R 2 562 618 [ 0, 0, 0, 0, 0 ]
R 2 563 464 [ 0, 0, 0, 0, 0 ]
R 2 564 334 [ 0, 0, 0, 0, 0 ]
R 2 565 577 [ 0, 0, 0, 0, 0 ]
R 2 566 578 [ 0, 0, 0, 0, 0 ]
R 2 567 416 [ 0, 0, 0, 0, 0 ]
R 2 568 336 [ 0, 0, 0, 0, 0 ]
R 2 569 486 [ 0, 0, 0, 0, 0 ]
R 2 570 268 [ 0, 0, 0, 0, 0 ]
R 2 571 270 [ 0, 0, 0, 0, 0 ]
R 2 572 627 [ 0, 0, 0, 0, 0 ]
R 2 573 678 [ 0, 0, 0, 0, 0 ]
R 2 574 723 [ 0, 0, 0, 0, 0 ]
R 2 575 393 [ 0, 0, 0, 0, 0 ]
R 2 576 394 [ 0, 0, 0, 0, 0 ]
R 2 577 632 [ 0, 0, 0, 0, 0 ]
R 2 578 480 [ 0, 0, 0, 0, 0 ]
R 2 579 655 [ 1, 0, 0, 0, 0 ]
R 2 580 432 [ 1, 0, 0, 0, 0 ]
R 2 581 47 [ 1, 0, 0, 0, 0 ]
R 2 582 286 [ 2, 0, 0, 0, 1 ]
R 2 583 138 [ 2, 0, 0, 0, 1 ]
R 2 584 356 [ 2, 0, 0, 0, 1 ]
R 2 585 659 [ 2, 0, 0, 0, 1 ]
R 2 586 48 [ 2, 0, 0, 0, 1 ]
R 2 587 660 [ 0, 0, 0, 0, 0 ]
R 2 588 527 [ 0, 0, 0, 0, 0 ]
R 2 589 689 [ 1, 0, 0, 0, 0 ]
R 2 590 692 [ 1, 0, 0, 0, 0 ]
R 2 591 579 [ 1, 0, 0, 0, 0 ]
R 2 592 693 [ 1, 0, 0, 0, 0 ]
R 2 593 337 [ 1, 0, 0, 0, 0 ]
R 2 594 133 [ 1, 0, 0, 0, 0 ]
R 2 595 716 [ 2, 0, 0, 0, 1 ]
R 2 596 696 [ 0, 0, 0, 0, 0 ]
R 2 597 587 [ 0, 0, 0, 0, 0 ]
R 2 598 697 [ 0, 0, 0, 0, 0 ]
R 2 599 503 [ 1, 0, 0, 0, 0 ]
R 2 600 505 [ 2, 0, 0, 0, 1 ]
R 2 601 508 [ 2, 0, 0, 0, 1 ]
R 2 602 379 [ 2, 0, 0, 0, 0 ]
R 2 603 311 [ 2, 0, 0, 0, 0 ]
R 2 604 675 [ 2, 0, 0, 0, 0 ]
R 2 605 469 [ 2, 0, 0, 0, 0 ]
R 2 606 150 [ 1, 0, 0, 0, 2 ]
R 2 607 192 [ 1, 0, 0, 0, 2 ]
R 2 608 559 [ 1, 0, 0, 0, 2 ]
R 2 609 562 [ 0, 0, 0, 0, 0 ]
R 2 610 388 [ 0, 0, 0, 0, 0 ]
R 2 611 223 [ 2, 0, 0, 0, 0 ]
R 2 612 532 [ 2, 0, 0, 0, 0 ]
R 2 613 603 [ 2, 0, 0, 0, 0 ]
R 2 614 721 [ 2, 0, 0, 0, 0 ]
R 2 615 665 [ 1, 0, 0, 0, 2 ]
R 2 616 181 [ 1, 0, 0, 0, 2 ]
R 2 617 537 [ 1, 0, 0, 0, 2 ]
R 2 618 609 [ 0, 0, 0, 0, 0 ]
R 2 619 542 [ 2, 0, 0, 0, 0 ]
R 2 620 369 [ 2, 0, 0, 0, 0 ]
R 2 621 229 [ 2, 0, 0, 0, 0 ]
R 2 622 370 [ 2, 0, 0, 0, 0 ]
R 2 623 458 [ 1, 0, 0, 0, 2 ]
R 2 624 108 [ 1, 0, 0, 0, 2 ]
R 2 625 410 [ 0, 0, 0, 0, 0 ]
R 2 626 636 [ 0, 0, 0, 0, 0 ]
R 2 627 411 [ 0, 0, 0, 0, 0 ]
R 2 628 413 [ 0, 0, 0, 0, 0 ]
R 2 629 688 [ 0, 0, 0, 0, 0 ]
R 2 630 484 [ 0, 0, 0, 0, 0 ]
R 2 631 126 [ 0, 0, 0, 0, 0 ]
R 2 632 565 [ 0, 0, 0, 0, 0 ]
R 2 633 679 [ 0, 0, 0, 0, 0 ]
R 2 634 724 [ 0, 0, 0, 0, 0 ]
R 2 635 629 [ 0, 0, 0, 0, 0 ]
R 2 636 683 [ 0, 0, 0, 0, 0 ]
R 2 637 706 [ 1, 0, 0, 0, 0 ]
R 2 638 354 [ 1, 0, 0, 0, 0 ]
R 2 639 516 [ 1, 0, 0, 0, 0 ]
R 2 640 518 [ 1, 0, 0, 0, 0 ]
R 2 641 519 [ 1, 0, 0, 0, 0 ]
R 2 642 77 [ 1, 0, 0, 0, 0 ]
R 2 643 521 [ 1, 0, 0, 0, 0 ]
R 2 644 526 [ 0, 0, 0, 0, 0 ]
R 2 645 360 [ 0, 0, 0, 0, 0 ]
R 2 646 691 [ 1, 0, 0, 0, 0 ]
R 2 647 713 [ 1, 0, 0, 0, 0 ]
R 2 648 580 [ 1, 0, 0, 0, 0 ]
R 2 649 272 [ 1, 0, 0, 0, 0 ]
R 2 650 208 [ 1, 0, 0, 0, 0 ]
R 2 651 727 [ 2, 0, 0, 0, 1 ]
R 2 652 494 [ 2, 0, 0, 0, 1 ]
R 2 653 168 [ 2, 0, 0, 0, 1 ]
R 2 654 588 [ 0, 0, 0, 0, 0 ]
R 2 655 591 [ 1, 0, 0, 0, 0 ]
R 2 656 650 [ 1, 0, 0, 0, 0 ]
R 2 657 278 [ 2, 0, 0, 0, 1 ]
R 2 658 717 [ 2, 0, 0, 0, 1 ]
R 2 659 135 [ 2, 0, 0, 0, 1 ]
R 2 660 597 [ 0, 0, 0, 0, 0 ]
R 2 661 620 [ 2, 0, 0, 0, 0 ]
R 2 662 149 [ 2, 0, 0, 0, 0 ]
R 2 663 621 [ 2, 0, 0, 0, 0 ]
R 2 664 236 [ 2, 0, 0, 0, 0 ]
R 2 665 239 [ 1, 0, 0, 0, 2 ]
R 2 666 312 [ 1, 0, 0, 0, 2 ]
R 2 667 82 [ 1, 0, 0, 0, 2 ]
R 2 668 385 [ 0, 0, 0, 0, 0 ]
R 2 669 602 [ 2, 0, 0, 0, 0 ]
R 2 670 664 [ 2, 0, 0, 0, 0 ]
R 2 671 180 [ 2, 0, 0, 0, 0 ]
R 2 672 606 [ 1, 0, 0, 0, 2 ]
R 2 673 536 [ 1, 0, 0, 0, 2 ]
R 2 674 612 [ 2, 0, 0, 0, 0 ]
R 2 675 144 [ 2, 0, 0, 0, 0 ]
R 2 676 302 [ 1, 0, 0, 0, 2 ]
R 2 677 260 [ 0, 0, 0, 0, 0 ]
R 2 678 262 [ 0, 0, 0, 0, 0 ]
R 2 679 263 [ 0, 0, 0, 0, 0 ]
R 2 680 485 [ 0, 0, 0, 0, 0 ]
R 2 681 127 [ 0, 0, 0, 0, 0 ]
R 2 682 625 [ 0, 0, 0, 0, 0 ]
R 2 683 626 [ 0, 0, 0, 0, 0 ]
R 2 684 722 [ 0, 0, 0, 0, 0 ]
R 2 685 628 [ 0, 0, 0, 0, 0 ]
R 2 686 248 [ 0, 0, 0, 0, 0 ]
R 2 687 569 [ 0, 0, 0, 0, 0 ]
R 2 688 635 [ 0, 0, 0, 0, 0 ]
R 2 689 718 [ 1, 0, 0, 0, 0 ]
R 2 690 430 [ 1, 0, 0, 0, 0 ]
R 2 691 705 [ 1, 0, 0, 0, 0 ]
R 2 692 285 [ 1, 0, 0, 0, 0 ]
R 2 693 218 [ 1, 0, 0, 0, 0 ]
R 2 694 177 [ 1, 0, 0, 0, 0 ]
R 2 695 137 [ 2, 0, 0, 0, 1 ]
R 2 696 525 [ 0, 0, 0, 0, 0 ]
R 2 697 529 [ 0, 0, 0, 0, 0 ]
R 2 698 530 [ 0, 0, 0, 0, 0 ]
R 2 699 487 [ 1, 0, 0, 0, 0 ]
R 2 700 488 [ 1, 0, 0, 0, 0 ]
R 2 701 490 [ 1, 0, 0, 0, 0 ]
R 2 702 642 [ 1, 0, 0, 0, 0 ]
R 2 703 695 [ 2, 0, 0, 0, 1 ]
R 2 704 644 [ 0, 0, 0, 0, 0 ]
R 2 705 646 [ 1, 0, 0, 0, 0 ]
R 2 706 344 [ 1, 0, 0, 0, 0 ]
R 2 707 309 [ 2, 0, 0, 0, 0 ]
R 2 708 378 [ 2, 0, 0, 0, 0 ]
R 2 709 382 [ 1, 0, 0, 0, 2 ]
R 2 710 707 [ 2, 0, 0, 0, 0 ]
R 2 711 708 [ 2, 0, 0, 0, 0 ]
R 2 712 165 [ 0, 0, 0, 0, 0 ]
R 2 713 284 [ 1, 0, 0, 0, 0 ]
R 2 714 657 [ 2, 0, 0, 0, 1 ]
R 2 715 436 [ 2, 0, 0, 0, 1 ]
R 2 716 78 [ 2, 0, 0, 0, 1 ]
R 2 717 491 [ 2, 0, 0, 0, 1 ]
R 2 718 589 [ 1, 0, 0, 0, 0 ]
R 2 719 465 [ 2, 0, 0, 0, 0 ]
R 2 720 466 [ 2, 0, 0, 0, 0 ]
R 2 721 81 [ 2, 0, 0, 0, 0 ]
R 2 722 409 [ 0, 0, 0, 0, 0 ]
R 2 723 414 [ 0, 0, 0, 0, 0 ]
R 2 724 266 [ 0, 0, 0, 0, 0 ]
R 2 725 630 [ 0, 0, 0, 0, 0 ]
R 2 726 431 [ 1, 0, 0, 0, 0 ]
R 2 727 220 [ 2, 0, 0, 0, 1 ]
R 2 728 690 [ 1, 0, 0, 0, 0 ]
R 3 0 3 [ 0, 0, 0, 0, 0 ]
R 3 1 9 [ 0, 0, 0, 0, 0 ]
R 3 2 13 [ 0, 0, 0, 0, 0 ]
R 3 3 16 [ 0, 0, 0, 0, 0 ]
R 3 4 42 [ 0, 0, 0, 0, 0 ]
R 3 5 17 [ 0, 0, 0, 0, 0 ]
R 3 6 18 [ 0, 0, 0, 0, 0 ]
R 3 7 23 [ 0, 0, 0, 0, 0 ]
R 3 8 146 [ 0, 1, 1, 2, 1 ]
R 3 9 28 [ 0, 0, 0, 0, 0 ]
R 3 10 83 [ 0, 0, 2, 0, 0 ]
R 3 11 29 [ 0, 0, 0, 0, 0 ]
R 3 12 32 [ 0, 0, 0, 0, 0 ]
R 3 13 35 [ 0, 0, 0, 0, 0 ]
R 3 14 92 [ 0, 0, 0, 2, 0 ]
R 3 15 36 [ 0, 0, 0, 0, 0 ]
R 3 16 0 [ 0, 0, 0, 0, 0 ]
R 3 17 40 [ 0, 0, 0, 0, 0 ]
R 3 18 41 [ 0, 0, 0, 0, 0 ]
R 3 19 97 [ 0, 0, 0, 0, 0 ]
R 3 20 43 [ 0, 0, 0, 0, 0 ]
R 3 21 44 [ 0, 0, 0, 0, 0 ]
R 3 22 102 [ 0, 2, 1, 1, 2 ]
R 3 23 47 [ 0, 0, 0, 0, 0 ]
R 3 24 140 [ 0, 0, 1, 0, 0 ]
R 3 25 48 [ 0, 0, 0, 0, 0 ]
R 3 26 79 [ 0, 2, 2, 1, 2 ]
R 3 27 186 [ 0, 1, 0, 1, 1 ]
R 3 28 1 [ 0, 0, 0, 0, 0 ]
R 3 29 54 [ 0, 0, 0, 0, 0 ]
R 3 30 191 [ 0, 0, 1, 0, 0 ]
R 3 31 55 [ 0, 0, 0, 0, 0 ]
R 3 32 56 [ 0, 0, 0, 0, 0 ]
R 3 33 154 [ 0, 0, 0, 1, 0 ]
R 3 34 57 [ 0, 0, 0, 0, 0 ]
R 3 35 2 [ 0, 0, 0, 0, 0 ]
R 3 36 60 [ 0, 0, 0, 0, 0 ]
R 3 37 201 [ 0, 0, 0, 1, 0 ]
R 3 38 61 [ 0, 0, 0, 0, 2 ]
R 3 39 62 [ 0, 0, 0, 0, 0 ]
R 3 40 5 [ 0, 0, 0, 0, 0 ]
R 3 41 6 [ 0, 0, 0, 0, 0 ]
R 3 42 122 [ 0, 0, 0, 0, 0 ]
R 3 43 63 [ 0, 0, 0, 0, 0 ]
R 3 44 64 [ 0, 0, 0, 0, 0 ]
R 3 45 134 [ 0, 1, 2, 2, 1 ]
R 3 46 349 [ 0, 2, 2, 0, 2 ]
R 3 47 7 [ 0, 0, 0, 0, 0 ]
R 3 48 77 [ 0, 0, 0, 0, 0 ]
R 3 49 178 [ 0, 0, 2, 0, 0 ]
R 3 50 78 [ 0, 0, 0, 0, 0 ]
R 3 51 297 [ 0, 2, 1, 2, 2 ]
R 3 52 460 [ 0, 1, 2, 0, 1 ]
R 3 53 109 [ 0, 1, 1, 2, 0 ]
R 3 54 11 [ 0, 0, 0, 0, 0 ]
R 3 55 81 [ 0, 0, 0, 0, 0 ]
R 3 56 12 [ 0, 0, 0, 0, 0 ]
R 3 57 87 [ 0, 0, 0, 0, 0 ]
R 3 58 194 [ 0, 0, 0, 2, 0 ]
R 3 59 88 [ 0, 0, 0, 0, 0 ]
R 3 60 15 [ 0, 0, 0, 0, 0 ]
R 3 61 89 [ 0, 0, 0, 0, 2 ]
R 3 62 90 [ 0, 0, 0, 0, 0 ]
R 3 63 20 [ 0, 0, 0, 0, 0 ]
R 3 64 21 [ 0, 0, 0, 0, 0 ]
R 3 65 165 [ 0, 0, 0, 0, 0 ]
R 3 66 166 [ 0, 0, 0, 0, 0 ]
R 3 67 126 [ 0, 0, 0, 0, 0 ]
R 3 68 127 [ 0, 0, 0, 0, 0 ]
R 3 69 128 [ 0, 0, 0, 0, 0 ]
R 3 70 129 [ 0, 0, 0, 0, 0 ]
R 3 71 98 [ 0, 0, 0, 0, 0 ]
R 3 72 99 [ 0, 0, 0, 0, 0 ]
R 3 73 100 [ 0, 0, 0, 0, 0 ]
R 3 74 495 [ 0, 1, 0, 0, 1 ]
R 3 75 279 [ 0, 2, 0, 2, 2 ]
R 3 76 173 [ 0, 2, 1, 1, 1 ]
R 3 77 25 [ 0, 0, 0, 0, 0 ]
R 3 78 103 [ 0, 0, 0, 0, 0 ]
R 3 79 141 [ 0, 2, 2, 1, 0 ]
R 3 80 446 [ 0, 2, 0, 0, 2 ]
R 3 81 31 [ 0, 0, 0, 0, 0 ]
R 3 82 237 [ 0, 0, 2, 0, 0 ]
R 3 83 238 [ 0, 0, 2, 0, 0 ]
R 3 84 150 [ 0, 0, 1, 0, 0 ]
R 3 85 192 [ 0, 0, 2, 0, 0 ]
R 3 86 82 [ 0, 0, 2, 0, 0 ]
R 3 87 34 [ 0, 0, 0, 0, 0 ]
R 3 88 112 [ 0, 0, 0, 0, 0 ]
R 3 89 38 [ 0, 0, 0, 0, 2 ]
R 3 90 39 [ 0, 0, 0, 0, 0 ]
R 3 91 253 [ 0, 0, 0, 2, 0 ]
R 3 92 254 [ 0, 0, 0, 2, 0 ]
R 3 93 158 [ 0, 0, 0, 1, 0 ]
R 3 94 202 [ 0, 0, 0, 2, 0 ]
R 3 95 91 [ 0, 0, 0, 2, 0 ]
R 3 96 117 [ 0, 0, 0, 0, 1 ]
R 3 97 164 [ 0, 0, 0, 0, 0 ]
R 3 98 123 [ 0, 0, 0, 0, 0 ]
R 3 99 124 [ 0, 0, 0, 0, 0 ]
R 3 100 125 [ 0, 0, 0, 0, 0 ]
R 3 101 494 [ 0, 1, 1, 1, 1 ]
R 3 102 213 [ 0, 2, 1, 1, 0 ]
R 3 103 50 [ 0, 0, 0, 0, 0 ]
R 3 104 286 [ 0, 0, 2, 0, 0 ]
R 3 105 137 [ 0, 0, 1, 0, 0 ]
R 3 106 138 [ 0, 0, 1, 0, 0 ]
R 3 107 8 [ 0, 1, 1, 2, 2 ]
R 3 108 457 [ 0, 1, 0, 1, 2 ]
R 3 109 184 [ 0, 1, 1, 2, 2 ]
R 3 110 187 [ 0, 1, 1, 2, 2 ]
R 3 111 380 [ 0, 0, 2, 0, 0 ]
R 3 112 59 [ 0, 0, 0, 0, 0 ]
R 3 113 322 [ 0, 0, 0, 2, 0 ]
R 3 114 152 [ 0, 0, 0, 1, 0 ]
R 3 115 153 [ 0, 0, 0, 1, 0 ]
R 3 116 155 [ 0, 0, 0, 0, 2 ]
R 3 117 157 [ 0, 0, 0, 0, 1 ]
R 3 118 403 [ 0, 0, 0, 1, 2 ]
R 3 119 257 [ 0, 0, 0, 2, 2 ]
R 3 120 159 [ 0, 0, 0, 0, 2 ]
R 3 121 160 [ 0, 0, 0, 0, 2 ]
R 3 122 4 [ 0, 0, 0, 0, 0 ]
R 3 123 71 [ 0, 0, 0, 0, 0 ]
R 3 124 72 [ 0, 0, 0, 0, 0 ]
R 3 125 73 [ 0, 0, 0, 0, 0 ]
R 3 126 262 [ 0, 0, 0, 0, 0 ]
R 3 127 263 [ 0, 0, 0, 0, 0 ]
R 3 128 264 [ 0, 0, 0, 0, 0 ]
R 3 129 265 [ 0, 0, 0, 0, 0 ]
R 3 130 266 [ 0, 0, 0, 0, 0 ]
R 3 131 267 [ 0, 0, 0, 0, 0 ]
R 3 132 167 [ 0, 0, 0, 0, 0 ]
R 3 133 45 [ 0, 1, 2, 2, 2 ]
R 3 134 133 [ 0, 1, 2, 2, 0 ]
R 3 135 277 [ 0, 2, 1, 1, 1 ]
R 3 136 135 [ 0, 2, 1, 1, 0 ]
R 3 137 433 [ 0, 0, 1, 0, 0 ]
R 3 138 218 [ 0, 0, 1, 0, 0 ]
R 3 139 517 [ 0, 0, 1, 0, 0 ]
R 3 140 219 [ 0, 0, 1, 0, 0 ]
R 3 141 26 [ 0, 2, 2, 1, 1 ]
R 3 142 224 [ 0, 2, 2, 1, 1 ]
R 3 143 226 [ 0, 2, 2, 1, 1 ]
R 3 144 110 [ 0, 1, 1, 2, 0 ]
R 3 145 613 [ 0, 1, 0, 1, 0 ]
R 3 146 107 [ 0, 1, 1, 2, 0 ]
R 3 147 230 [ 0, 1, 2, 0, 0 ]
R 3 148 108 [ 0, 1, 0, 1, 0 ]
R 3 149 385 [ 0, 0, 1, 0, 0 ]
R 3 150 379 [ 0, 0, 1, 0, 0 ]
R 3 151 239 [ 0, 0, 1, 0, 0 ]
R 3 152 473 [ 0, 0, 0, 1, 0 ]
R 3 153 244 [ 0, 0, 0, 1, 0 ]
R 3 154 245 [ 0, 0, 0, 1, 0 ]
R 3 155 193 [ 0, 0, 0, 0, 2 ]
R 3 156 195 [ 0, 0, 0, 0, 1 ]
R 3 157 96 [ 0, 0, 0, 0, 1 ]
R 3 158 401 [ 0, 0, 0, 1, 0 ]
R 3 159 199 [ 0, 0, 0, 0, 2 ]
R 3 160 200 [ 0, 0, 0, 0, 2 ]
R 3 161 256 [ 0, 0, 0, 1, 0 ]
R 3 162 330 [ 0, 0, 0, 2, 1 ]
R 3 163 203 [ 0, 0, 0, 0, 1 ]
R 3 164 19 [ 0, 0, 0, 0, 0 ]
R 3 165 260 [ 0, 0, 0, 0, 0 ]
R 3 166 261 [ 0, 0, 0, 0, 0 ]
R 3 167 204 [ 0, 0, 0, 0, 0 ]
R 3 168 338 [ 0, 1, 2, 2, 2 ]
R 3 169 168 [ 0, 1, 2, 2, 0 ]
R 3 170 514 [ 0, 2, 2, 0, 1 ]
R 3 171 76 [ 0, 2, 1, 1, 0 ]
R 3 172 590 [ 0, 2, 0, 2, 0 ]
R 3 173 171 [ 0, 2, 1, 1, 2 ]
R 3 174 507 [ 0, 2, 0, 2, 1 ]
R 3 175 425 [ 0, 2, 2, 0, 1 ]
R 3 176 510 [ 0, 2, 1, 1, 1 ]
R 3 177 290 [ 0, 0, 1, 0, 0 ]
R 3 178 354 [ 0, 0, 2, 0, 0 ]
R 3 179 220 [ 0, 0, 2, 0, 0 ]
R 3 180 143 [ 0, 2, 2, 1, 0 ]
R 3 181 442 [ 0, 2, 1, 2, 1 ]
R 3 182 142 [ 0, 2, 2, 1, 0 ]
R 3 183 376 [ 0, 1, 0, 1, 2 ]
R 3 184 53 [ 0, 1, 1, 2, 1 ]
R 3 185 611 [ 0, 1, 2, 0, 0 ]
R 3 186 371 [ 0, 1, 0, 1, 0 ]
R 3 187 144 [ 0, 1, 1, 2, 1 ]
R 3 188 302 [ 0, 1, 0, 1, 2 ]
R 3 189 621 [ 0, 0, 1, 0, 0 ]
R 3 190 149 [ 0, 0, 1, 0, 0 ]
R 3 191 235 [ 0, 0, 1, 0, 0 ]
R 3 192 236 [ 0, 0, 2, 0, 0 ]
R 3 193 116 [ 0, 0, 0, 0, 2 ]
R 3 194 392 [ 0, 0, 0, 2, 0 ]
R 3 195 246 [ 0, 0, 0, 0, 1 ]
R 3 196 247 [ 0, 0, 0, 2, 0 ]
R 3 197 248 [ 0, 0, 0, 1, 2 ]
R 3 198 249 [ 0, 0, 0, 0, 2 ]
R 3 199 120 [ 0, 0, 0, 0, 2 ]
R 3 200 121 [ 0, 0, 0, 0, 2 ]
R 3 201 251 [ 0, 0, 0, 1, 0 ]
R 3 202 252 [ 0, 0, 0, 2, 0 ]
R 3 203 255 [ 0, 0, 0, 0, 1 ]
R 3 204 132 [ 0, 0, 0, 0, 0 ]
R 3 205 415 [ 0, 0, 0, 0, 0 ]
R 3 206 335 [ 0, 0, 0, 0, 0 ]
R 3 207 336 [ 0, 0, 0, 0, 0 ]
R 3 208 212 [ 0, 1, 2, 2, 0 ]
R 3 209 726 [ 0, 1, 0, 0, 2 ]
R 3 210 694 [ 0, 1, 0, 0, 0 ]
R 3 211 208 [ 0, 1, 2, 2, 1 ]
R 3 212 211 [ 0, 1, 2, 2, 2 ]
R 3 213 22 [ 0, 2, 1, 1, 1 ]
R 3 214 649 [ 0, 2, 2, 0, 0 ]
R 3 215 594 [ 0, 2, 1, 1, 0 ]
R 3 216 506 [ 0, 2, 0, 2, 1 ]
R 3 217 280 [ 0, 2, 2, 0, 0 ]
R 3 218 106 [ 0, 0, 1, 0, 0 ]
R 3 219 24 [ 0, 0, 1, 0, 0 ]
R 3 220 430 [ 0, 0, 2, 0, 0 ]
R 3 221 356 [ 0, 0, 1, 0, 0 ]
R 3 222 437 [ 0, 0, 1, 0, 0 ]
R 3 223 668 [ 0, 2, 0, 0, 1 ]
R 3 224 182 [ 0, 2, 2, 1, 2 ]
R 3 225 661 [ 0, 2, 0, 0, 1 ]
R 3 226 180 [ 0, 2, 2, 1, 2 ]
R 3 227 447 [ 0, 2, 1, 2, 1 ]
R 3 228 536 [ 0, 2, 2, 1, 1 ]
R 3 229 554 [ 0, 1, 2, 0, 2 ]
R 3 230 711 [ 0, 1, 2, 0, 2 ]
R 3 231 551 [ 0, 1, 1, 2, 2 ]
R 3 232 673 [ 0, 1, 1, 2, 2 ]
R 3 233 552 [ 0, 1, 1, 2, 0 ]
R 3 234 303 [ 0, 1, 1, 2, 1 ]
R 3 235 30 [ 0, 0, 1, 0, 0 ]
R 3 236 85 [ 0, 0, 2, 0, 0 ]
R 3 237 86 [ 0, 0, 2, 0, 0 ]
R 3 238 10 [ 0, 0, 2, 0, 0 ]
R 3 239 309 [ 0, 0, 1, 0, 0 ]
R 3 240 468 [ 0, 0, 0, 0, 0 ]
R 3 241 470 [ 0, 0, 1, 0, 0 ]
R 3 242 313 [ 0, 0, 2, 0, 0 ]
R 3 243 240 [ 0, 0, 0, 0, 0 ]
R 3 244 115 [ 0, 0, 0, 1, 0 ]
R 3 245 33 [ 0, 0, 0, 1, 0 ]
R 3 246 156 [ 0, 0, 0, 0, 1 ]
R 3 247 472 [ 0, 0, 0, 2, 0 ]
R 3 248 628 [ 0, 0, 0, 1, 2 ]
R 3 249 321 [ 0, 0, 0, 0, 2 ]
R 3 250 567 [ 0, 0, 0, 1, 2 ]
R 3 251 37 [ 0, 0, 0, 1, 0 ]
R 3 252 94 [ 0, 0, 0, 2, 0 ]
R 3 253 95 [ 0, 0, 0, 2, 0 ]
R 3 254 14 [ 0, 0, 0, 2, 0 ]
R 3 255 163 [ 0, 0, 0, 0, 1 ]
R 3 256 329 [ 0, 0, 0, 1, 0 ]
R 3 257 574 [ 0, 0, 0, 2, 2 ]
R 3 258 635 [ 0, 0, 0, 1, 1 ]
R 3 259 331 [ 0, 0, 0, 0, 1 ]
R 3 260 65 [ 0, 0, 0, 0, 0 ]
R 3 261 66 [ 0, 0, 0, 0, 0 ]
R 3 262 67 [ 0, 0, 0, 0, 0 ]
R 3 263 68 [ 0, 0, 0, 0, 0 ]
R 3 264 69 [ 0, 0, 0, 0, 0 ]
R 3 265 70 [ 0, 0, 0, 0, 0 ]
R 3 266 410 [ 0, 0, 0, 0, 0 ]
R 3 267 412 [ 0, 0, 0, 0, 0 ]
R 3 268 484 [ 0, 0, 0, 0, 0 ]
R 3 269 485 [ 0, 0, 0, 0, 0 ]
R 3 270 416 [ 0, 0, 0, 0, 0 ]
R 3 271 417 [ 0, 0, 0, 0, 0 ]
R 3 272 499 [ 0, 1, 0, 0, 2 ]
R 3 273 638 [ 0, 1, 1, 1, 0 ]
R 3 274 209 [ 0, 1, 0, 0, 0 ]
R 3 275 584 [ 0, 1, 0, 0, 2 ]
R 3 276 586 [ 0, 1, 2, 2, 2 ]
R 3 277 136 [ 0, 2, 1, 1, 2 ]
R 3 278 589 [ 0, 2, 0, 2, 1 ]
R 3 279 591 [ 0, 2, 0, 2, 0 ]
R 3 280 648 [ 0, 2, 2, 0, 1 ]
R 3 281 170 [ 0, 2, 2, 0, 0 ]
R 3 282 509 [ 0, 2, 2, 0, 1 ]
R 3 283 215 [ 0, 2, 1, 1, 2 ]
R 3 284 104 [ 0, 0, 2, 0, 0 ]
R 3 285 527 [ 0, 0, 2, 0, 0 ]
R 3 286 284 [ 0, 0, 2, 0, 0 ]
R 3 287 655 [ 0, 0, 2, 0, 0 ]
R 3 288 177 [ 0, 0, 1, 0, 0 ]
R 3 289 521 [ 0, 0, 0, 0, 0 ]
R 3 290 288 [ 0, 0, 1, 0, 0 ]
R 3 291 524 [ 0, 0, 0, 0, 0 ]
R 3 292 289 [ 0, 0, 0, 0, 0 ]
R 3 293 368 [ 0, 2, 1, 2, 1 ]
R 3 294 662 [ 0, 2, 0, 0, 0 ]
R 3 295 664 [ 0, 2, 1, 2, 2 ]
R 3 296 443 [ 0, 2, 1, 2, 0 ]
R 3 297 603 [ 0, 2, 1, 2, 0 ]
R 3 298 605 [ 0, 2, 2, 1, 0 ]
R 3 299 538 [ 0, 2, 2, 1, 0 ]
R 3 300 188 [ 0, 1, 0, 1, 0 ]
R 3 301 229 [ 0, 1, 2, 0, 0 ]
R 3 302 300 [ 0, 1, 0, 1, 1 ]
R 3 303 374 [ 0, 1, 1, 2, 0 ]
R 3 304 546 [ 0, 1, 1, 2, 0 ]
R 3 305 458 [ 0, 1, 2, 0, 2 ]
R 3 306 549 [ 0, 1, 0, 1, 2 ]
R 3 307 616 [ 0, 1, 0, 1, 0 ]
R 3 308 304 [ 0, 1, 1, 2, 1 ]
R 3 309 151 [ 0, 0, 1, 0, 0 ]
R 3 310 318 [ 0, 0, 2, 0, 0 ]
R 3 311 386 [ 0, 0, 2, 0, 0 ]
R 3 312 465 [ 0, 0, 1, 0, 0 ]
R 3 313 466 [ 0, 0, 2, 0, 0 ]
R 3 314 469 [ 0, 0, 0, 0, 0 ]
R 3 315 623 [ 0, 0, 1, 0, 0 ]
R 3 316 312 [ 0, 0, 1, 0, 0 ]
R 3 317 189 [ 0, 0, 1, 0, 0 ]
R 3 318 383 [ 0, 0, 2, 0, 0 ]
R 3 319 559 [ 0, 0, 0, 0, 0 ]
R 3 320 113 [ 0, 0, 0, 2, 0 ]
R 3 321 198 [ 0, 0, 0, 0, 2 ]
R 3 322 320 [ 0, 0, 0, 2, 0 ]
R 3 323 630 [ 0, 0, 0, 2, 2 ]
R 3 324 393 [ 0, 0, 0, 2, 1 ]
R 3 325 394 [ 0, 0, 0, 1, 1 ]
R 3 326 395 [ 0, 0, 0, 0, 2 ]
R 3 327 396 [ 0, 0, 0, 0, 1 ]
R 3 328 397 [ 0, 0, 0, 0, 1 ]
R 3 329 161 [ 0, 0, 0, 1, 0 ]
R 3 330 632 [ 0, 0, 0, 2, 1 ]
R 3 331 402 [ 0, 0, 0, 0, 1 ]
R 3 332 481 [ 0, 0, 0, 1, 2 ]
R 3 333 576 [ 0, 0, 0, 2, 2 ]
R 3 334 205 [ 0, 0, 0, 0, 0 ]
R 3 335 577 [ 0, 0, 0, 0, 0 ]
R 3 336 578 [ 0, 0, 0, 0, 0 ]
R 3 337 423 [ 0, 1, 0, 0, 0 ]
R 3 338 169 [ 0, 1, 2, 2, 1 ]
R 3 339 337 [ 0, 1, 0, 0, 1 ]
R 3 340 272 [ 0, 1, 0, 0, 0 ]
R 3 341 643 [ 0, 1, 2, 2, 0 ]
R 3 342 583 [ 0, 1, 0, 0, 2 ]
R 3 343 496 [ 0, 1, 2, 2, 2 ]
R 3 344 174 [ 0, 2, 0, 2, 0 ]
R 3 345 654 [ 0, 2, 0, 2, 1 ]
R 3 346 512 [ 0, 2, 2, 0, 2 ]
R 3 347 175 [ 0, 2, 2, 0, 0 ]
R 3 348 592 [ 0, 2, 2, 0, 2 ]
R 3 349 502 [ 0, 2, 2, 0, 0 ]
R 3 350 278 [ 0, 2, 0, 2, 0 ]
R 3 351 653 [ 0, 2, 1, 1, 0 ]
R 3 352 426 [ 0, 2, 1, 1, 1 ]
R 3 353 427 [ 0, 2, 1, 1, 2 ]
R 3 354 49 [ 0, 0, 2, 0, 0 ]
R 3 355 221 [ 0, 0, 1, 0, 0 ]
R 3 356 355 [ 0, 0, 1, 0, 0 ]
R 3 357 520 [ 0, 0, 0, 0, 0 ]
R 3 358 600 [ 0, 0, 2, 0, 0 ]
R 3 359 601 [ 0, 0, 1, 0, 0 ]
R 3 360 139 [ 0, 0, 1, 0, 0 ]
R 3 361 523 [ 0, 0, 0, 0, 0 ]
R 3 362 454 [ 0, 2, 2, 1, 2 ]
R 3 363 223 [ 0, 2, 0, 0, 0 ]
R 3 364 666 [ 0, 2, 0, 0, 1 ]
R 3 365 709 [ 0, 2, 0, 0, 0 ]
R 3 366 225 [ 0, 2, 0, 0, 0 ]
R 3 367 181 [ 0, 2, 1, 2, 0 ]
R 3 368 535 [ 0, 2, 1, 2, 2 ]
R 3 369 463 [ 0, 1, 2, 0, 1 ]
R 3 370 555 [ 0, 1, 0, 1, 1 ]
R 3 371 27 [ 0, 1, 0, 1, 2 ]
R 3 372 233 [ 0, 1, 1, 2, 1 ]
R 3 373 377 [ 0, 1, 1, 2, 1 ]
R 3 374 234 [ 0, 1, 1, 2, 2 ]
R 3 375 615 [ 0, 1, 2, 0, 2 ]
R 3 376 461 [ 0, 1, 0, 1, 1 ]
R 3 377 617 [ 0, 1, 1, 2, 0 ]
R 3 378 241 [ 0, 0, 1, 0, 0 ]
R 3 379 84 [ 0, 0, 1, 0, 0 ]
R 3 380 387 [ 0, 0, 2, 0, 0 ]
R 3 381 389 [ 0, 0, 0, 0, 0 ]
R 3 382 620 [ 0, 0, 1, 0, 0 ]
R 3 383 310 [ 0, 0, 2, 0, 0 ]
R 3 384 381 [ 0, 0, 0, 0, 0 ]
R 3 385 190 [ 0, 0, 1, 0, 0 ]
R 3 386 558 [ 0, 0, 2, 0, 0 ]
R 3 387 111 [ 0, 0, 2, 0, 0 ]
R 3 388 560 [ 0, 0, 0, 0, 0 ]
R 3 389 384 [ 0, 0, 0, 0, 0 ]
R 3 390 561 [ 0, 0, 0, 0, 0 ]
R 3 391 314 [ 0, 0, 0, 0, 0 ]
R 3 392 58 [ 0, 0, 0, 2, 0 ]
R 3 393 627 [ 0, 0, 0, 2, 1 ]
R 3 394 566 [ 0, 0, 0, 1, 1 ]
R 3 395 474 [ 0, 0, 0, 0, 2 ]
R 3 396 475 [ 0, 0, 0, 0, 1 ]
R 3 397 476 [ 0, 0, 0, 0, 1 ]
R 3 398 680 [ 0, 0, 0, 2, 1 ]
R 3 399 681 [ 0, 0, 0, 1, 1 ]
R 3 400 406 [ 0, 0, 0, 1, 2 ]
R 3 401 93 [ 0, 0, 0, 1, 0 ]
R 3 402 259 [ 0, 0, 0, 0, 1 ]
R 3 403 479 [ 0, 0, 0, 1, 2 ]
R 3 404 685 [ 0, 0, 0, 2, 1 ]
R 3 405 480 [ 0, 0, 0, 2, 2 ]
R 3 406 575 [ 0, 0, 0, 1, 2 ]
R 3 407 404 [ 0, 0, 0, 2, 1 ]
R 3 408 405 [ 0, 0, 0, 2, 2 ]
R 3 409 268 [ 0, 0, 0, 0, 0 ]
R 3 410 130 [ 0, 0, 0, 0, 0 ]
R 3 411 269 [ 0, 0, 0, 0, 0 ]
R 3 412 131 [ 0, 0, 0, 0, 0 ]
R 3 413 270 [ 0, 0, 0, 0, 0 ]
R 3 414 271 [ 0, 0, 0, 0, 0 ]
R 3 415 334 [ 0, 0, 0, 0, 0 ]
R 3 416 413 [ 0, 0, 0, 0, 0 ]
R 3 417 414 [ 0, 0, 0, 0, 0 ]
R 3 418 713 [ 0, 1, 1, 1, 1 ]
R 3 419 581 [ 0, 1, 2, 2, 0 ]
R 3 420 491 [ 0, 1, 1, 1, 0 ]
R 3 421 418 [ 0, 1, 1, 1, 2 ]
R 3 422 492 [ 0, 1, 1, 1, 2 ]
R 3 423 339 [ 0, 1, 0, 0, 2 ]
R 3 424 585 [ 0, 1, 2, 2, 0 ]
R 3 425 347 [ 0, 2, 2, 0, 2 ]
R 3 426 702 [ 0, 2, 1, 1, 2 ]
R 3 427 504 [ 0, 2, 1, 1, 0 ]
R 3 428 348 [ 0, 2, 2, 0, 1 ]
R 3 429 595 [ 0, 2, 1, 1, 0 ]
R 3 430 179 [ 0, 0, 2, 0, 0 ]
R 3 431 529 [ 0, 0, 1, 0, 0 ]
R 3 432 359 [ 0, 0, 1, 0, 0 ]
R 3 433 105 [ 0, 0, 1, 0, 0 ]
R 3 434 515 [ 0, 0, 2, 0, 0 ]
R 3 435 285 [ 0, 0, 2, 0, 0 ]
R 3 436 431 [ 0, 0, 1, 0, 0 ]
R 3 437 516 [ 0, 0, 1, 0, 0 ]
R 3 438 357 [ 0, 0, 0, 0, 0 ]
R 3 439 364 [ 0, 2, 0, 0, 0 ]
R 3 440 541 [ 0, 2, 1, 2, 2 ]
R 3 441 452 [ 0, 2, 1, 2, 2 ]
R 3 442 367 [ 0, 2, 1, 2, 2 ]
R 3 443 453 [ 0, 2, 1, 2, 1 ]
R 3 444 456 [ 0, 2, 2, 1, 1 ]
R 3 445 707 [ 0, 2, 0, 0, 2 ]
R 3 446 663 [ 0, 2, 0, 0, 0 ]
R 3 447 532 [ 0, 2, 1, 2, 2 ]
R 3 448 444 [ 0, 2, 2, 1, 0 ]
R 3 449 665 [ 0, 2, 0, 0, 1 ]
R 3 450 607 [ 0, 2, 1, 2, 1 ]
R 3 451 295 [ 0, 2, 1, 2, 1 ]
R 3 452 534 [ 0, 2, 1, 2, 0 ]
R 3 453 296 [ 0, 2, 1, 2, 2 ]
R 3 454 537 [ 0, 2, 2, 1, 0 ]
R 3 455 298 [ 0, 2, 2, 1, 2 ]
R 3 456 448 [ 0, 2, 2, 1, 2 ]
R 3 457 148 [ 0, 1, 0, 1, 1 ]
R 3 458 543 [ 0, 1, 2, 0, 1 ]
R 3 459 669 [ 0, 1, 2, 0, 2 ]
R 3 460 544 [ 0, 1, 2, 0, 0 ]
R 3 461 183 [ 0, 1, 0, 1, 0 ]
R 3 462 547 [ 0, 1, 2, 0, 2 ]
R 3 463 672 [ 0, 1, 2, 0, 0 ]
R 3 464 548 [ 0, 1, 0, 1, 2 ]
R 3 465 316 [ 0, 0, 1, 0, 0 ]
R 3 466 242 [ 0, 0, 2, 0, 0 ]
R 3 467 390 [ 0, 0, 0, 0, 0 ]
R 3 468 243 [ 0, 0, 0, 0, 0 ]
R 3 469 391 [ 0, 0, 0, 0, 0 ]
R 3 470 378 [ 0, 0, 1, 0, 0 ]
R 3 471 624 [ 0, 0, 2, 0, 0 ]
R 3 472 196 [ 0, 0, 0, 2, 0 ]
R 3 473 114 [ 0, 0, 0, 1, 0 ]
R 3 474 326 [ 0, 0, 0, 0, 2 ]
R 3 475 327 [ 0, 0, 0, 0, 1 ]
R 3 476 328 [ 0, 0, 0, 0, 1 ]
R 3 477 712 [ 0, 0, 0, 2, 1 ]
R 3 478 568 [ 0, 0, 0, 1, 1 ]
R 3 479 118 [ 0, 0, 0, 1, 2 ]
R 3 480 408 [ 0, 0, 0, 2, 2 ]
R 3 481 572 [ 0, 0, 0, 1, 2 ]
R 3 482 634 [ 0, 0, 0, 1, 1 ]
R 3 483 686 [ 0, 0, 0, 2, 1 ]
R 3 484 409 [ 0, 0, 0, 0, 0 ]
R 3 485 411 [ 0, 0, 0, 0, 0 ]
R 3 486 688 [ 0, 0, 0, 0, 0 ]
R 3 487 422 [ 0, 1, 1, 1, 0 ]
R 3 488 498 [ 0, 1, 0, 0, 1 ]
R 3 489 74 [ 0, 1, 0, 0, 2 ]
R 3 490 424 [ 0, 1, 2, 2, 1 ]
R 3 491 691 [ 0, 1, 1, 1, 2 ]
R 3 492 487 [ 0, 1, 1, 1, 1 ]
R 3 493 579 [ 0, 1, 1, 1, 0 ]
R 3 494 692 [ 0, 1, 1, 1, 0 ]
R 3 495 489 [ 0, 1, 0, 0, 0 ]
R 3 496 642 [ 0, 1, 2, 2, 1 ]
R 3 497 273 [ 0, 1, 1, 1, 1 ]
R 3 498 715 [ 0, 1, 0, 0, 0 ]
R 3 499 340 [ 0, 1, 0, 0, 1 ]
R 3 500 341 [ 0, 1, 2, 2, 1 ]
R 3 501 419 [ 0, 1, 2, 2, 1 ]
R 3 502 46 [ 0, 2, 2, 0, 1 ]
R 3 503 429 [ 0, 2, 1, 1, 2 ]
R 3 504 353 [ 0, 2, 1, 1, 1 ]
R 3 505 647 [ 0, 2, 0, 2, 2 ]
R 3 506 699 [ 0, 2, 0, 2, 2 ]
R 3 507 344 [ 0, 2, 0, 2, 2 ]
R 3 508 700 [ 0, 2, 2, 0, 1 ]
R 3 509 593 [ 0, 2, 2, 0, 2 ]
R 3 510 650 [ 0, 2, 1, 1, 2 ]
R 3 511 172 [ 0, 2, 0, 2, 2 ]
R 3 512 703 [ 0, 2, 2, 0, 0 ]
R 3 513 214 [ 0, 2, 2, 0, 2 ]
R 3 514 281 [ 0, 2, 2, 0, 2 ]
R 3 515 526 [ 0, 0, 2, 0, 0 ]
R 3 516 222 [ 0, 0, 1, 0, 0 ]
R 3 517 360 [ 0, 0, 1, 0, 0 ]
R 3 518 531 [ 0, 0, 0, 0, 0 ]
R 3 519 291 [ 0, 0, 0, 0, 0 ]
R 3 520 438 [ 0, 0, 0, 0, 0 ]
R 3 521 292 [ 0, 0, 0, 0, 0 ]
R 3 522 518 [ 0, 0, 0, 0, 0 ]
R 3 523 656 [ 0, 0, 0, 0, 0 ]
R 3 524 519 [ 0, 0, 0, 0, 0 ]
R 3 525 657 [ 0, 0, 2, 0, 0 ]
R 3 526 434 [ 0, 0, 2, 0, 0 ]
R 3 527 435 [ 0, 0, 2, 0, 0 ]
R 3 528 287 [ 0, 0, 2, 0, 0 ]
R 3 529 436 [ 0, 0, 1, 0, 0 ]
R 3 530 659 [ 0, 0, 0, 0, 0 ]
R 3 531 522 [ 0, 0, 0, 0, 0 ]
R 3 532 227 [ 0, 2, 1, 2, 0 ]
R 3 533 299 [ 0, 2, 2, 1, 2 ]
R 3 534 441 [ 0, 2, 1, 2, 1 ]
R 3 535 293 [ 0, 2, 1, 2, 0 ]
R 3 536 604 [ 0, 2, 2, 1, 2 ]
R 3 537 362 [ 0, 2, 2, 1, 1 ]
R 3 538 533 [ 0, 2, 2, 1, 1 ]
R 3 539 445 [ 0, 2, 0, 0, 1 ]
R 3 540 294 [ 0, 2, 0, 0, 2 ]
R 3 541 667 [ 0, 2, 1, 2, 0 ]
R 3 542 375 [ 0, 1, 2, 0, 0 ]
R 3 543 305 [ 0, 1, 2, 0, 0 ]
R 3 544 52 [ 0, 1, 2, 0, 2 ]
R 3 545 307 [ 0, 1, 0, 1, 1 ]
R 3 546 308 [ 0, 1, 1, 2, 2 ]
R 3 547 710 [ 0, 1, 2, 0, 1 ]
R 3 548 670 [ 0, 1, 0, 1, 1 ]
R 3 549 612 [ 0, 1, 0, 1, 1 ]
R 3 550 370 [ 0, 1, 0, 1, 2 ]
R 3 551 614 [ 0, 1, 1, 2, 1 ]
R 3 552 372 [ 0, 1, 1, 2, 2 ]
R 3 553 185 [ 0, 1, 2, 0, 1 ]
R 3 554 301 [ 0, 1, 2, 0, 1 ]
R 3 555 550 [ 0, 1, 0, 1, 0 ]
R 3 556 145 [ 0, 1, 0, 1, 1 ]
R 3 557 319 [ 0, 0, 0, 0, 0 ]
R 3 558 311 [ 0, 0, 2, 0, 0 ]
R 3 559 557 [ 0, 0, 0, 0, 0 ]
R 3 560 675 [ 0, 0, 0, 0, 0 ]
R 3 561 467 [ 0, 0, 0, 0, 0 ]
R 3 562 382 [ 0, 0, 1, 0, 0 ]
R 3 563 676 [ 0, 0, 2, 0, 0 ]
R 3 564 477 [ 0, 0, 0, 2, 1 ]
R 3 565 571 [ 0, 0, 0, 1, 2 ]
R 3 566 325 [ 0, 0, 0, 1, 1 ]
R 3 567 678 [ 0, 0, 0, 1, 2 ]
R 3 568 679 [ 0, 0, 0, 1, 1 ]
R 3 569 724 [ 0, 0, 0, 2, 2 ]
R 3 570 629 [ 0, 0, 0, 2, 2 ]
R 3 571 631 [ 0, 0, 0, 1, 2 ]
R 3 572 332 [ 0, 0, 0, 1, 2 ]
R 3 573 483 [ 0, 0, 0, 2, 1 ]
R 3 574 119 [ 0, 0, 0, 2, 2 ]
R 3 575 400 [ 0, 0, 0, 1, 2 ]
R 3 576 633 [ 0, 0, 0, 2, 2 ]
R 3 577 206 [ 0, 0, 0, 0, 0 ]
R 3 578 207 [ 0, 0, 0, 0, 0 ]
R 3 579 588 [ 0, 1, 1, 1, 2 ]
R 3 580 697 [ 0, 1, 0, 0, 1 ]
R 3 581 501 [ 0, 1, 2, 2, 2 ]
R 3 582 637 [ 0, 1, 1, 1, 1 ]
R 3 583 639 [ 0, 1, 0, 0, 1 ]
R 3 584 693 [ 0, 1, 0, 0, 1 ]
R 3 585 490 [ 0, 1, 2, 2, 2 ]
R 3 586 641 [ 0, 1, 2, 2, 1 ]
R 3 587 714 [ 0, 1, 1, 1, 0 ]
R 3 588 493 [ 0, 1, 1, 1, 1 ]
R 3 589 350 [ 0, 2, 0, 2, 2 ]
R 3 590 511 [ 0, 2, 0, 2, 1 ]
R 3 591 75 [ 0, 2, 0, 2, 1 ]
R 3 592 428 [ 0, 2, 2, 0, 0 ]
R 3 593 282 [ 0, 2, 2, 0, 0 ]
R 3 594 283 [ 0, 2, 1, 1, 1 ]
R 3 595 503 [ 0, 2, 1, 1, 1 ]
R 3 596 717 [ 0, 2, 0, 2, 0 ]
R 3 597 651 [ 0, 2, 0, 2, 0 ]
R 3 598 508 [ 0, 2, 2, 0, 0 ]
R 3 599 530 [ 0, 0, 0, 0, 0 ]
R 3 600 706 [ 0, 0, 2, 0, 0 ]
R 3 601 432 [ 0, 0, 1, 0, 0 ]
R 3 602 365 [ 0, 2, 0, 0, 2 ]
R 3 603 51 [ 0, 2, 1, 2, 1 ]
R 3 604 228 [ 0, 2, 2, 1, 0 ]
R 3 605 455 [ 0, 2, 2, 1, 1 ]
R 3 606 708 [ 0, 2, 0, 0, 1 ]
R 3 607 720 [ 0, 2, 1, 2, 2 ]
R 3 608 721 [ 0, 2, 2, 1, 2 ]
R 3 609 606 [ 0, 2, 0, 0, 0 ]
R 3 610 608 [ 0, 2, 2, 1, 1 ]
R 3 611 553 [ 0, 1, 2, 0, 2 ]
R 3 612 306 [ 0, 1, 0, 1, 0 ]
R 3 613 556 [ 0, 1, 0, 1, 2 ]
R 3 614 231 [ 0, 1, 1, 2, 0 ]
R 3 615 542 [ 0, 1, 2, 0, 1 ]
R 3 616 545 [ 0, 1, 0, 1, 2 ]
R 3 617 373 [ 0, 1, 1, 2, 2 ]
R 3 618 459 [ 0, 1, 2, 0, 0 ]
R 3 619 315 [ 0, 0, 1, 0, 0 ]
R 3 620 562 [ 0, 0, 1, 0, 0 ]
R 3 621 317 [ 0, 0, 1, 0, 0 ]
R 3 622 471 [ 0, 0, 2, 0, 0 ]
R 3 623 619 [ 0, 0, 1, 0, 0 ]
R 3 624 622 [ 0, 0, 2, 0, 0 ]
R 3 625 570 [ 0, 0, 0, 2, 2 ]
R 3 626 323 [ 0, 0, 0, 2, 2 ]
R 3 627 324 [ 0, 0, 0, 2, 1 ]
R 3 628 197 [ 0, 0, 0, 1, 2 ]
R 3 629 625 [ 0, 0, 0, 2, 2 ]
R 3 630 626 [ 0, 0, 0, 2, 2 ]
R 3 631 565 [ 0, 0, 0, 1, 2 ]
R 3 632 162 [ 0, 0, 0, 2, 1 ]
R 3 633 333 [ 0, 0, 0, 2, 2 ]
R 3 634 683 [ 0, 0, 0, 1, 1 ]
R 3 635 684 [ 0, 0, 0, 1, 1 ]
R 3 636 486 [ 0, 0, 0, 0, 0 ]
R 3 637 644 [ 0, 1, 1, 1, 0 ]
R 3 638 497 [ 0, 1, 1, 1, 2 ]
R 3 639 342 [ 0, 1, 0, 0, 0 ]
R 3 640 698 [ 0, 1, 2, 2, 1 ]
R 3 641 276 [ 0, 1, 2, 2, 0 ]
R 3 642 343 [ 0, 1, 2, 2, 0 ]
R 3 643 500 [ 0, 1, 2, 2, 2 ]
R 3 644 582 [ 0, 1, 1, 1, 2 ]
R 3 645 210 [ 0, 1, 0, 0, 1 ]
R 3 646 597 [ 0, 2, 0, 2, 2 ]
R 3 647 704 [ 0, 2, 0, 2, 0 ]
R 3 648 217 [ 0, 2, 2, 0, 2 ]
R 3 649 513 [ 0, 2, 2, 0, 1 ]
R 3 650 176 [ 0, 2, 1, 1, 0 ]
R 3 651 646 [ 0, 2, 0, 2, 1 ]
R 3 652 345 [ 0, 2, 0, 2, 0 ]
R 3 653 701 [ 0, 2, 1, 1, 1 ]
R 3 654 652 [ 0, 2, 0, 2, 2 ]
R 3 655 528 [ 0, 0, 2, 0, 0 ]
R 3 656 361 [ 0, 0, 0, 0, 0 ]
R 3 657 705 [ 0, 0, 2, 0, 0 ]
R 3 658 718 [ 0, 0, 2, 0, 0 ]
R 3 659 599 [ 0, 0, 0, 0, 0 ]
R 3 660 658 [ 0, 0, 2, 0, 0 ]
R 3 661 366 [ 0, 2, 0, 0, 2 ]
R 3 662 540 [ 0, 2, 0, 0, 1 ]
R 3 663 80 [ 0, 2, 0, 0, 1 ]
R 3 664 451 [ 0, 2, 1, 2, 0 ]
R 3 665 719 [ 0, 2, 0, 0, 2 ]
R 3 666 439 [ 0, 2, 0, 0, 2 ]
R 3 667 440 [ 0, 2, 1, 2, 1 ]
R 3 668 363 [ 0, 2, 0, 0, 2 ]
R 3 669 618 [ 0, 1, 2, 0, 1 ]
R 3 670 464 [ 0, 1, 0, 1, 0 ]
R 3 671 232 [ 0, 1, 1, 2, 0 ]
R 3 672 369 [ 0, 1, 2, 0, 2 ]
R 3 673 671 [ 0, 1, 1, 2, 1 ]
R 3 674 563 [ 0, 0, 2, 0, 0 ]
R 3 675 388 [ 0, 0, 0, 0, 0 ]
R 3 676 674 [ 0, 0, 2, 0, 0 ]
R 3 677 398 [ 0, 0, 0, 2, 1 ]
R 3 678 250 [ 0, 0, 0, 1, 2 ]
R 3 679 478 [ 0, 0, 0, 1, 1 ]
R 3 680 677 [ 0, 0, 0, 2, 1 ]
R 3 681 723 [ 0, 0, 0, 1, 1 ]
R 3 682 687 [ 0, 0, 0, 1, 1 ]
R 3 683 482 [ 0, 0, 0, 1, 1 ]
R 3 684 258 [ 0, 0, 0, 1, 1 ]
R 3 685 407 [ 0, 0, 0, 2, 1 ]
R 3 686 573 [ 0, 0, 0, 2, 1 ]
R 3 687 725 [ 0, 0, 0, 1, 1 ]
R 3 688 636 [ 0, 0, 0, 0, 0 ]
R 3 689 696 [ 0, 1, 1, 1, 1 ]
R 3 690 587 [ 0, 1, 1, 1, 1 ]
R 3 691 420 [ 0, 1, 1, 1, 1 ]
R 3 692 101 [ 0, 1, 1, 1, 2 ]
R 3 693 275 [ 0, 1, 0, 0, 0 ]
R 3 694 645 [ 0, 1, 0, 0, 2 ]
R 3 695 580 [ 0, 1, 0, 0, 2 ]
R 3 696 727 [ 0, 1, 1, 1, 0 ]
R 3 697 695 [ 0, 1, 0, 0, 0 ]
R 3 698 716 [ 0, 1, 2, 2, 0 ]
R 3 699 216 [ 0, 2, 0, 2, 0 ]
R 3 700 598 [ 0, 2, 2, 0, 2 ]
R 3 701 351 [ 0, 2, 1, 1, 2 ]
R 3 702 352 [ 0, 2, 1, 1, 0 ]
R 3 703 346 [ 0, 2, 2, 0, 1 ]
R 3 704 505 [ 0, 2, 0, 2, 1 ]
R 3 705 525 [ 0, 0, 2, 0, 0 ]
R 3 706 358 [ 0, 0, 2, 0, 0 ]
R 3 707 539 [ 0, 2, 0, 0, 0 ]
R 3 708 609 [ 0, 2, 0, 0, 2 ]
R 3 709 602 [ 0, 2, 0, 0, 1 ]
R 3 710 462 [ 0, 1, 2, 0, 0 ]
R 3 711 147 [ 0, 1, 2, 0, 1 ]
R 3 712 564 [ 0, 0, 0, 2, 1 ]
R 3 713 421 [ 0, 1, 1, 1, 0 ]
R 3 714 690 [ 0, 1, 1, 1, 2 ]
R 3 715 488 [ 0, 1, 0, 0, 2 ]
R 3 716 640 [ 0, 1, 2, 2, 2 ]
R 3 717 728 [ 0, 2, 0, 2, 1 ]
R 3 718 660 [ 0, 0, 2, 0, 0 ]
R 3 719 449 [ 0, 2, 0, 0, 0 ]
R 3 720 450 [ 0, 2, 1, 2, 0 ]
R 3 721 610 [ 0, 2, 2, 1, 0 ]
R 3 722 569 [ 0, 0, 0, 2, 2 ]
R 3 723 399 [ 0, 0, 0, 1, 1 ]
R 3 724 722 [ 0, 0, 0, 2, 2 ]
R 3 725 682 [ 0, 0, 0, 1, 1 ]
R 3 726 274 [ 0, 1, 0, 0, 1 ]
R 3 727 689 [ 0, 1, 1, 1, 2 ]
R 3 728 596 [ 0, 2, 0, 2, 2 ]
