1105.0719
1312.5654
1405.5491
1511.08241
1512.02133
1602.00383
1709.06524
1710.06220
1711.08369
1712.05361
1807.06478
1907.05498
2001.04579
2007.12518
2101.09071
2110.04505
2201.00711
2212.01993
2212.14292
2305.15176
2306.14863
2310.14660
2403.04941
2403.16364
2405.09722
2405.10234
2405.18354
2406.09718
2406.10665
2407.03149
2407.07703
2407.18720
2408.05673
2408.08081
2409.09195
2409.12621
2410.04788
2410.07512
2411.09069
2411.12569
2412.02339
2412.04138
2412.04932
2412.05492
2412.08784
2501.00908
2501.07522
2502.01544
2502.07936
2502.12590
2503.11594
2503.13523
2506.02319
2507.18821
2508.02582
2508.07816
2508.21264
2509.05524
2509.05798
2509.16947
2509.20035
2510.01952
2510.11336
2510.16879
2511.21175
2512.14324
2512.18943
2601.13058
2602.04839
2602.18197
2603.04197
2603.14556
2603.18410
2605.02889
2605.13406
2605.17814
2605.20564
2605.30605
2606.00863
2606.24741
2607.04038
2607.04300
2607.13776
2607.21754
2607.25729
2607.26572
2607.28893
2608.01168
2608.02111
2608.03813
2608.07950
2608.16530
2608.17193
2608.20703
2609.01868
2609.08849
2609.14702
