META cellular_dimensions [ 1, 1, 2, 1 ]
META free_dimensions [ 1, 4, 10, 20 ]
STABILIZER 0 1 24 [ 24, 12 ] [ 1 ]
STABILIZER 1 1 8 [ 8, 3 ] [ -1, 1 ]
STABILIZER 2 1 24 [ 24, 12 ] [ -1, 1 ]
STABILIZER 2 2 12 [ 12, 4 ] [ -1, 1 ]
STABILIZER 3 1 24 [ 24, 12 ] [ -1, 1 ]
GENERATOR 0 1 [ 0, 1, 0, 1 ] 0 [  ]
GENERATOR 1 1 [ 0, 1, 1, 1 ] 2 [ [ 0, 0 ] ]
GENERATOR 1 2 [ 0, 1, 1, 2 ] 2 [ [ 0, 0 ] ]
GENERATOR 1 3 [ 0, 1, 1, 3 ] 2 [ [ 0, 0 ] ]
GENERATOR 1 4 [ 1, 1, 0, 1 ] 2 [ [ 0, 0 ] ]
GENERATOR 2 1 [ 0, 1, 2, 1 ] 2 [ [ 0, 1 ] ]
GENERATOR 2 2 [ 0, 1, 2, 2 ] 2 [ [ 0, 1 ] ]
GENERATOR 2 3 [ 0, 1, 2, 3 ] 3 [ [ 0, 1 ] ]
GENERATOR 2 4 [ 0, 1, 2, 4 ] 4 [ [ 0, 1 ] ]
GENERATOR 2 5 [ 0, 1, 2, 5 ] 6 [ [ 0, 1 ] ]
GENERATOR 2 6 [ 0, 1, 2, 6 ] 6 [ [ 0, 1 ] ]
GENERATOR 2 7 [ 1, 1, 1, 1 ] 2 [ [ 1, 0 ] ]
GENERATOR 2 8 [ 1, 1, 1, 2 ] 5 [ [ 0, 1 ], [ 1, 0 ] ]
GENERATOR 2 9 [ 2, 1, 0, 1 ] 18 [ [ 0, 1 ], [ 1, 0 ] ]
GENERATOR 2 10 [ 2, 2, 0, 1 ] 35 [ [ 0, 1 ], [ 1, 0 ] ]
GENERATOR 3 1 [ 0, 1, 3, 1 ] 2 [ [ 0, 2 ] ]
GENERATOR 3 2 [ 0, 1, 3, 2 ] 2 [ [ 0, 2 ] ]
GENERATOR 3 3 [ 0, 1, 3, 3 ] 2 [ [ 0, 2 ] ]
GENERATOR 3 4 [ 0, 1, 3, 4 ] 4 [ [ 0, 2 ] ]
GENERATOR 3 5 [ 0, 1, 3, 5 ] 4 [ [ 0, 2 ] ]
GENERATOR 3 6 [ 0, 1, 3, 6 ] 4 [ [ 0, 2 ] ]
GENERATOR 3 7 [ 0, 1, 3, 7 ] 5 [ [ 0, 2 ] ]
GENERATOR 3 8 [ 0, 1, 3, 8 ] 6 [ [ 0, 2 ] ]
GENERATOR 3 9 [ 0, 1, 3, 9 ] 12 [ [ 0, 2 ] ]
GENERATOR 3 10 [ 0, 1, 3, 10 ] 12 [ [ 0, 2 ] ]
GENERATOR 3 11 [ 1, 1, 2, 1 ] 2 [ [ 1, 1 ] ]
GENERATOR 3 12 [ 1, 1, 2, 2 ] 5 [ [ 0, 2 ], [ 1, 1 ] ]
GENERATOR 3 13 [ 1, 1, 2, 3 ] 14 [ [ 0, 2 ], [ 1, 1 ] ]
GENERATOR 3 14 [ 2, 1, 1, 1 ] 21 [ [ 0, 2 ], [ 1, 1 ], [ 2, 0 ] ]
GENERATOR 3 15 [ 2, 1, 1, 2 ] 49 [ [ 0, 2 ], [ 1, 1 ], [ 2, 0 ] ]
GENERATOR 3 16 [ 2, 1, 1, 3 ] 25 [ [ 0, 2 ], [ 1, 1 ], [ 2, 0 ] ]
GENERATOR 3 17 [ 2, 2, 1, 1 ] 64 [ [ 0, 2 ], [ 1, 1 ], [ 2, 0 ] ]
GENERATOR 3 18 [ 2, 2, 1, 2 ] 40 [ [ 0, 2 ], [ 1, 1 ], [ 2, 0 ] ]
GENERATOR 3 19 [ 2, 2, 1, 3 ] 18 [ [ 0, 2 ], [ 1, 1 ], [ 2, 0 ] ]
GENERATOR 3 20 [ 3, 1, 0, 1 ] 306 [ [ 0, 2 ], [ 1, 1 ], [ 2, 0 ] ]
SCHUR 1 [ 2, 2, 2, 2 ] [ 8 ] 2 8 16
SCHUR 2 [ 2, 2, 3, 4, 6, 6, 2, 5, 18, 35 ] [ 15, 28, 27, 13 ] 35 28 980
SCHUR 3 [ 2, 2, 2, 4, 4, 4, 5, 6, 12, 12, 2, 5, 14, 21, 49, 25, 64, 40, 18, 306 ] [ 87, 101, 68, 74, 83, 62, 54, 46, 10, 12 ] 306 101 30906
