Z8 [0, 1, 2, 3] rules 93312 bijective 1
Z8 [0, 4, 1, 5] rules 93312 bijective 32
  nonidentity sigma: {(0, 1, 2, 2): 4}
  nonidentity sigma: {(0, 1, 0, 2): 4, (0, 1, 1, 2): 4, (0, 1, 2, 0): 4, (0, 1, 2, 1): 4}
  nonidentity sigma: {(0, 1, 0, 2): 4, (0, 1, 1, 2): 4, (0, 1, 2, 0): 4, (0, 1, 2, 1): 4, (0, 1, 2, 2): 4}
  nonidentity sigma: {(0, 1, 0, 1): 4, (0, 1, 1, 0): 4}
  nonidentity sigma: {(0, 1, 0, 1): 4, (0, 1, 1, 0): 4, (0, 1, 2, 2): 4}
  nonidentity sigma: {(0, 1, 0, 1): 4, (0, 1, 0, 2): 4, (0, 1, 1, 0): 4, (0, 1, 1, 2): 4, (0, 1, 2, 0): 4, (0, 1, 2, 1): 4}
  nonidentity sigma: {(0, 1, 0, 1): 4, (0, 1, 0, 2): 4, (0, 1, 1, 0): 4, (0, 1, 1, 2): 4, (0, 1, 2, 0): 4, (0, 1, 2, 1): 4, (0, 1, 2, 2): 4}
  nonidentity sigma: {(0, 1, 0, 0): 4, (0, 1, 1, 1): 4}
  nonidentity sigma: {(0, 1, 0, 0): 4, (0, 1, 1, 1): 4, (0, 1, 2, 2): 4}
  nonidentity sigma: {(0, 1, 0, 0): 4, (0, 1, 0, 2): 4, (0, 1, 1, 1): 4, (0, 1, 1, 2): 4, (0, 1, 2, 0): 4, (0, 1, 2, 1): 4}
  nonidentity sigma: {(0, 1, 0, 0): 4, (0, 1, 0, 2): 4, (0, 1, 1, 1): 4, (0, 1, 1, 2): 4, (0, 1, 2, 0): 4, (0, 1, 2, 1): 4, (0, 1, 2, 2): 4}
  nonidentity sigma: {(0, 1, 0, 0): 4, (0, 1, 0, 1): 4, (0, 1, 1, 0): 4, (0, 1, 1, 1): 4}
  nonidentity sigma: {(0, 1, 0, 0): 4, (0, 1, 0, 1): 4, (0, 1, 1, 0): 4, (0, 1, 1, 1): 4, (0, 1, 2, 2): 4}
  nonidentity sigma: {(0, 1, 0, 0): 4, (0, 1, 0, 1): 4, (0, 1, 0, 2): 4, (0, 1, 1, 0): 4, (0, 1, 1, 1): 4, (0, 1, 1, 2): 4, (0, 1, 2, 0): 4, (0, 1, 2, 1): 4}
  nonidentity sigma: {(0, 1, 0, 0): 4, (0, 1, 0, 1): 4, (0, 1, 0, 2): 4, (0, 1, 1, 0): 4, (0, 1, 1, 1): 4, (0, 1, 1, 2): 4, (0, 1, 2, 0): 4, (0, 1, 2, 1): 4, (0, 1, 2, 2): 4}
  nonidentity sigma: {(0, 0, 0, 1): 5, (0, 0, 1, 0): 1}
  nonidentity sigma: {(0, 0, 0, 1): 5, (0, 0, 1, 0): 1, (0, 1, 2, 2): 4}
  nonidentity sigma: {(0, 0, 0, 1): 5, (0, 0, 1, 0): 1, (0, 1, 0, 2): 4, (0, 1, 1, 2): 4, (0, 1, 2, 0): 4, (0, 1, 2, 1): 4}
  nonidentity sigma: {(0, 0, 0, 1): 5, (0, 0, 1, 0): 1, (0, 1, 0, 2): 4, (0, 1, 1, 2): 4, (0, 1, 2, 0): 4, (0, 1, 2, 1): 4, (0, 1, 2, 2): 4}
  nonidentity sigma: {(0, 0, 0, 1): 5, (0, 0, 1, 0): 1, (0, 1, 0, 1): 4, (0, 1, 1, 0): 4}
  nonidentity sigma: {(0, 0, 0, 1): 5, (0, 0, 1, 0): 1, (0, 1, 0, 1): 4, (0, 1, 1, 0): 4, (0, 1, 2, 2): 4}
  nonidentity sigma: {(0, 0, 0, 1): 5, (0, 0, 1, 0): 1, (0, 1, 0, 1): 4, (0, 1, 0, 2): 4, (0, 1, 1, 0): 4, (0, 1, 1, 2): 4, (0, 1, 2, 0): 4, (0, 1, 2, 1): 4}
  nonidentity sigma: {(0, 0, 0, 1): 5, (0, 0, 1, 0): 1, (0, 1, 0, 1): 4, (0, 1, 0, 2): 4, (0, 1, 1, 0): 4, (0, 1, 1, 2): 4, (0, 1, 2, 0): 4, (0, 1, 2, 1): 4, (0, 1, 2, 2): 4}
  nonidentity sigma: {(0, 0, 0, 1): 5, (0, 0, 1, 0): 1, (0, 1, 0, 0): 4, (0, 1, 1, 1): 4}
  nonidentity sigma: {(0, 0, 0, 1): 5, (0, 0, 1, 0): 1, (0, 1, 0, 0): 4, (0, 1, 1, 1): 4, (0, 1, 2, 2): 4}
  nonidentity sigma: {(0, 0, 0, 1): 5, (0, 0, 1, 0): 1, (0, 1, 0, 0): 4, (0, 1, 0, 2): 4, (0, 1, 1, 1): 4, (0, 1, 1, 2): 4, (0, 1, 2, 0): 4, (0, 1, 2, 1): 4}
  nonidentity sigma: {(0, 0, 0, 1): 5, (0, 0, 1, 0): 1, (0, 1, 0, 0): 4, (0, 1, 0, 2): 4, (0, 1, 1, 1): 4, (0, 1, 1, 2): 4, (0, 1, 2, 0): 4, (0, 1, 2, 1): 4, (0, 1, 2, 2): 4}
  nonidentity sigma: {(0, 0, 0, 1): 5, (0, 0, 1, 0): 1, (0, 1, 0, 0): 4, (0, 1, 0, 1): 4, (0, 1, 1, 0): 4, (0, 1, 1, 1): 4}
  nonidentity sigma: {(0, 0, 0, 1): 5, (0, 0, 1, 0): 1, (0, 1, 0, 0): 4, (0, 1, 0, 1): 4, (0, 1, 1, 0): 4, (0, 1, 1, 1): 4, (0, 1, 2, 2): 4}
Z2xZ4 [0, 4, 1, 5] rules 93312 bijective 32
  nonidentity sigma: {(0, 1, 2, 2): 4}
  nonidentity sigma: {(0, 1, 0, 2): 4, (0, 1, 1, 2): 4, (0, 1, 2, 0): 4, (0, 1, 2, 1): 4}
  nonidentity sigma: {(0, 1, 0, 2): 4, (0, 1, 1, 2): 4, (0, 1, 2, 0): 4, (0, 1, 2, 1): 4, (0, 1, 2, 2): 4}
  nonidentity sigma: {(0, 1, 0, 1): 4, (0, 1, 1, 0): 4}
  nonidentity sigma: {(0, 1, 0, 1): 4, (0, 1, 1, 0): 4, (0, 1, 2, 2): 4}
  nonidentity sigma: {(0, 1, 0, 1): 4, (0, 1, 0, 2): 4, (0, 1, 1, 0): 4, (0, 1, 1, 2): 4, (0, 1, 2, 0): 4, (0, 1, 2, 1): 4}
  nonidentity sigma: {(0, 1, 0, 1): 4, (0, 1, 0, 2): 4, (0, 1, 1, 0): 4, (0, 1, 1, 2): 4, (0, 1, 2, 0): 4, (0, 1, 2, 1): 4, (0, 1, 2, 2): 4}
  nonidentity sigma: {(0, 1, 0, 0): 4, (0, 1, 1, 1): 4}
  nonidentity sigma: {(0, 1, 0, 0): 4, (0, 1, 1, 1): 4, (0, 1, 2, 2): 4}
  nonidentity sigma: {(0, 1, 0, 0): 4, (0, 1, 0, 2): 4, (0, 1, 1, 1): 4, (0, 1, 1, 2): 4, (0, 1, 2, 0): 4, (0, 1, 2, 1): 4}
  nonidentity sigma: {(0, 1, 0, 0): 4, (0, 1, 0, 2): 4, (0, 1, 1, 1): 4, (0, 1, 1, 2): 4, (0, 1, 2, 0): 4, (0, 1, 2, 1): 4, (0, 1, 2, 2): 4}
  nonidentity sigma: {(0, 1, 0, 0): 4, (0, 1, 0, 1): 4, (0, 1, 1, 0): 4, (0, 1, 1, 1): 4}
  nonidentity sigma: {(0, 1, 0, 0): 4, (0, 1, 0, 1): 4, (0, 1, 1, 0): 4, (0, 1, 1, 1): 4, (0, 1, 2, 2): 4}
  nonidentity sigma: {(0, 1, 0, 0): 4, (0, 1, 0, 1): 4, (0, 1, 0, 2): 4, (0, 1, 1, 0): 4, (0, 1, 1, 1): 4, (0, 1, 1, 2): 4, (0, 1, 2, 0): 4, (0, 1, 2, 1): 4}
  nonidentity sigma: {(0, 1, 0, 0): 4, (0, 1, 0, 1): 4, (0, 1, 0, 2): 4, (0, 1, 1, 0): 4, (0, 1, 1, 1): 4, (0, 1, 1, 2): 4, (0, 1, 2, 0): 4, (0, 1, 2, 1): 4, (0, 1, 2, 2): 4}
  nonidentity sigma: {(0, 0, 0, 1): 5, (0, 0, 1, 0): 1}
  nonidentity sigma: {(0, 0, 0, 1): 5, (0, 0, 1, 0): 1, (0, 1, 2, 2): 4}
  nonidentity sigma: {(0, 0, 0, 1): 5, (0, 0, 1, 0): 1, (0, 1, 0, 2): 4, (0, 1, 1, 2): 4, (0, 1, 2, 0): 4, (0, 1, 2, 1): 4}
  nonidentity sigma: {(0, 0, 0, 1): 5, (0, 0, 1, 0): 1, (0, 1, 0, 2): 4, (0, 1, 1, 2): 4, (0, 1, 2, 0): 4, (0, 1, 2, 1): 4, (0, 1, 2, 2): 4}
  nonidentity sigma: {(0, 0, 0, 1): 5, (0, 0, 1, 0): 1, (0, 1, 0, 1): 4, (0, 1, 1, 0): 4}
  nonidentity sigma: {(0, 0, 0, 1): 5, (0, 0, 1, 0): 1, (0, 1, 0, 1): 4, (0, 1, 1, 0): 4, (0, 1, 2, 2): 4}
  nonidentity sigma: {(0, 0, 0, 1): 5, (0, 0, 1, 0): 1, (0, 1, 0, 1): 4, (0, 1, 0, 2): 4, (0, 1, 1, 0): 4, (0, 1, 1, 2): 4, (0, 1, 2, 0): 4, (0, 1, 2, 1): 4}
  nonidentity sigma: {(0, 0, 0, 1): 5, (0, 0, 1, 0): 1, (0, 1, 0, 1): 4, (0, 1, 0, 2): 4, (0, 1, 1, 0): 4, (0, 1, 1, 2): 4, (0, 1, 2, 0): 4, (0, 1, 2, 1): 4, (0, 1, 2, 2): 4}
  nonidentity sigma: {(0, 0, 0, 1): 5, (0, 0, 1, 0): 1, (0, 1, 0, 0): 4, (0, 1, 1, 1): 4}
  nonidentity sigma: {(0, 0, 0, 1): 5, (0, 0, 1, 0): 1, (0, 1, 0, 0): 4, (0, 1, 1, 1): 4, (0, 1, 2, 2): 4}
  nonidentity sigma: {(0, 0, 0, 1): 5, (0, 0, 1, 0): 1, (0, 1, 0, 0): 4, (0, 1, 0, 2): 4, (0, 1, 1, 1): 4, (0, 1, 1, 2): 4, (0, 1, 2, 0): 4, (0, 1, 2, 1): 4}
  nonidentity sigma: {(0, 0, 0, 1): 5, (0, 0, 1, 0): 1, (0, 1, 0, 0): 4, (0, 1, 0, 2): 4, (0, 1, 1, 1): 4, (0, 1, 1, 2): 4, (0, 1, 2, 0): 4, (0, 1, 2, 1): 4, (0, 1, 2, 2): 4}
  nonidentity sigma: {(0, 0, 0, 1): 5, (0, 0, 1, 0): 1, (0, 1, 0, 0): 4, (0, 1, 0, 1): 4, (0, 1, 1, 0): 4, (0, 1, 1, 1): 4}
  nonidentity sigma: {(0, 0, 0, 1): 5, (0, 0, 1, 0): 1, (0, 1, 0, 0): 4, (0, 1, 0, 1): 4, (0, 1, 1, 0): 4, (0, 1, 1, 1): 4, (0, 1, 2, 2): 4}
