9 [1,2,5,4,3,6,7,8,9] [2,4,1,6,3,8,5,9,7] 362880
8 [1,2,5,4,3,6,7,8] [2,4,1,6,3,8,5,7] 40320
9 [1,2,5,4,6,3,7,8,9] [2,4,1,7,3,5,9,6,8] 181440
9 [1,2,5,4,3,6,7,8,9] [2,4,1,7,8,3,6,9,5] 648
7 [1,2,5,4,3,6,7] [2,4,1,6,3,7,5] 5040
9 [1,2,5,4,3,6,9,8,7] [2,4,1,6,3,8,5,9,7] 181440
9 [1,2,5,4,3,6,7,8,9] [2,4,1,7,8,3,9,6,5] 648
8 [1,2,5,4,6,3,7,8] [2,4,1,7,3,5,8,6] 40320
9 [1,2,5,4,8,3,7,6,9] [2,4,1,7,3,6,9,8,5] 362880
9 [1,2,5,4,8,3,7,6,9] [2,4,1,7,3,6,9,5,8] 362880
8 [1,2,5,4,3,6,7,8] [2,4,1,6,7,3,8,5] 40320
9 [1,2,5,4,3,6,7,8,9] [2,4,1,6,7,3,9,5,8] 362880
9 [1,2,5,4,3,6,8,7,9] [2,4,1,6,7,3,9,5,8] 362880
6 [1,2,5,4,3,6] [2,4,1,6,3,5] 720
8 [1,2,5,4,3,6,8,7] [2,4,1,6,3,8,5,7] 40320
8 [1,2,5,4,3,6,7,8] [2,4,1,7,8,3,5,6] 40320
9 [1,2,5,4,3,6,7,8,9] [2,4,1,7,8,3,5,9,6] 362880
7 [1,2,5,4,6,3,7] [2,4,1,7,3,5,6] 2520
8 [1,2,5,4,8,3,7,6] [2,4,1,7,3,6,5,8] 40320
8 [1,2,5,4,8,3,7,6] [2,4,1,7,3,6,8,5] 40320
9 [1,2,5,4,8,3,7,9,6] [2,4,1,7,3,9,8,5,6] 362880
7 [1,2,5,4,3,6,7] [2,4,1,3,6,7,5] 5040
8 [1,2,5,4,3,6,7,8] [2,4,1,3,6,8,5,7] 64
8 [1,2,5,4,3,7,6,8] [2,4,1,3,6,8,5,7] 192
5 [1,2,5,4,3] [2,4,1,5,3] 120
9 [1,2,5,4,3,8,7,6,9] [2,4,1,6,3,8,5,9,7] 181440
7 [1,2,5,4,3,7,6] [2,4,1,6,3,7,5] 2520
9 [1,2,5,4,3,8,9,6,7] [2,4,1,6,3,8,5,9,7] 362880
9 [1,2,5,4,3,8,9,6,7] [2,4,1,6,3,8,5,7,9] 362880
7 [1,2,5,4,3,6,7] [2,4,1,5,7,3,6] 5040
8 [1,2,5,4,3,6,7,8] [2,4,1,5,7,3,8,6] 64
9 [1,2,5,4,3,7,6,8,9] [2,4,1,5,7,3,9,6,8] 181440
9 [1,2,5,4,3,6,8,7,9] [2,4,1,7,8,3,6,9,5] 648
9 [1,2,5,4,3,6,8,7,9] [2,4,1,7,8,3,9,6,5] 324
9 [1,2,5,4,3,8,7,6,9] [2,4,1,6,7,3,9,5,8] 362880
9 [1,2,5,4,3,7,6,8,9] [2,4,1,7,8,3,5,9,6] 181440
9 [1,2,5,4,3,7,6,8,9] [2,4,1,6,7,3,9,5,8] 362880
6 [1,2,5,4,6,3] [2,4,1,6,3,5] 720
9 [1,2,5,4,6,3,9,7,8] [2,4,1,5,3,7,9,6,8] 362880
9 [1,2,5,4,6,3,8,9,7] [2,4,1,7,3,8,9,5,6] 181440
9 [1,2,5,4,7,3,9,6,8] [2,4,1,6,3,8,7,5,9] 362880
9 [1,2,5,4,7,3,8,9,6] [2,4,1,6,3,9,8,5,7] 362880
7 [1,2,5,4,7,3,6] [2,4,1,5,3,6,7] 5040
7 [1,2,5,4,7,3,6] [2,4,1,7,3,6,5] 5040
8 [1,2,5,4,7,3,8,6] [2,4,1,7,3,8,5,6] 20160
6 [1,2,4,3,5,6] [2,3,1,5,6,4] 24
7 [1,2,4,3,6,5,7] [2,3,1,5,7,4,6] 5040
9 [1,2,4,3,7,9,5,8,6] [2,3,1,5,8,4,7,6,9] 362880
9 [1,2,4,3,7,9,5,8,6] [2,3,1,5,8,4,9,6,7] 362880
4 [1,2,4,3] [2,4,1,3] 24
8 [1,2,5,6,3,4,7,8] [2,4,1,6,3,8,5,7] 384
9 [1,2,5,7,6,3,4,8,9] [2,4,1,7,3,5,9,6,8] 362880
6 [1,2,5,6,3,4] [2,4,1,6,3,5] 120
8 [1,2,5,6,3,4,8,7] [2,4,1,6,3,8,5,7] 40320
9 [1,2,5,7,3,6,4,9,8] [2,4,1,7,8,3,5,6,9] 144
8 [1,2,5,6,3,4,8,7] [2,4,1,6,3,7,5,8] 336
9 [1,2,5,7,3,6,4,9,8] [2,4,1,7,8,3,9,6,5] 362880
9 [1,2,5,6,3,4,8,7,9] [2,4,1,6,3,7,5,9,8] 362880
9 [1,2,5,6,3,4,8,9,7] [2,4,1,6,3,7,5,9,8] 362880
6 [1,2,4,3,5,6] [2,4,1,6,3,5] 24
8 [1,2,4,3,6,5,7,8] [2,4,1,6,3,8,5,7] 384
8 [1,2,5,7,3,6,4,8] [2,4,1,6,7,3,8,5] 20160
8 [1,2,5,7,3,6,4,8] [2,4,1,8,7,3,6,5] 40320
9 [1,2,5,6,3,4,7,9,8] [2,4,1,7,3,8,9,5,6] 362880
9 [1,2,5,6,3,4,7,9,8] [2,4,1,7,3,5,8,6,9] 144
8 [1,2,5,6,3,4,7,8] [2,4,1,3,7,5,8,6] 32
8 [1,2,5,6,3,4,7,8] [2,4,1,5,7,3,8,6] 32
8 [1,2,5,6,3,4,7,8] [2,4,1,3,6,8,5,7] 48
5 [1,2,5,3,4] [2,4,1,5,3] 60
9 [1,2,4,5,3,7,9,6,8] [2,4,1,3,6,7,5,8,9] 362880
8 [1,2,4,5,3,8,6,7] [2,4,1,3,6,8,5,7] 168
8 [1,2,5,7,6,3,8,4] [2,4,1,8,3,7,5,6] 336
8 [1,2,5,3,7,4,8,6] [2,4,1,6,3,5,7,8] 336
8 [1,2,5,3,7,4,8,6] [2,4,1,6,3,7,8,5] 336
6 [1,2,4,6,3,5] [2,4,1,3,5,6] 120
6 [1,2,5,6,4,3] [2,4,1,5,3,6] 120
9 [1,2,5,7,8,3,9,4,6] [2,4,1,8,3,5,9,7,6] 504
7 [1,2,5,7,4,3,6] [2,4,1,5,3,7,6] 5040
9 [1,2,5,6,8,3,4,9,7] [2,4,1,7,3,5,6,8,9] 504
3 [1,3,2] [2,1,3] 6
4 [1,3,2,4] [2,1,4,3] 8
7 [1,3,2,4,5,7,6] [2,1,4,6,3,5,7] 2520
8 [1,3,2,4,5,7,6,8] [2,1,4,6,3,5,8,7] 64
9 [1,3,2,4,5,7,6,9,8] [2,1,4,6,3,5,8,7,9] 362880
8 [1,3,2,4,5,7,6,8] [2,1,4,6,3,8,5,7] 96
5 [1,3,2,5,4] [2,1,4,3,5] 10
6 [1,3,2,5,4,6] [2,1,4,3,6,5] 12
9 [1,3,2,5,4,6,7,9,8] [2,1,4,3,6,8,5,7,9] 648
7 [1,3,2,5,4,7,6] [2,1,4,3,6,5,7] 14
8 [1,3,2,5,4,7,6,8] [2,1,4,3,6,5,8,7] 16
9 [1,3,2,5,4,7,6,9,8] [2,1,4,3,6,5,8,7,9] 18
9 [1,3,2,5,4,7,6,9,8] [2,1,4,3,6,5,8,9,7] 362880
7 [1,3,2,5,4,7,6] [2,1,4,3,6,7,5] 5040
9 [1,3,2,5,4,8,9,6,7] [2,1,4,3,6,8,5,9,7] 181440
9 [1,3,2,5,4,7,6,9,8] [2,1,4,3,6,8,5,7,9] 1296
8 [1,3,2,5,4,8,6,7] [2,1,4,3,6,7,5,8] 20160
5 [1,3,2,5,4] [2,1,4,5,3] 120
7 [1,3,2,6,7,4,5] [2,1,4,6,3,7,5] 5040
9 [1,3,2,6,7,4,5,9,8] [2,1,4,6,3,8,5,9,7] 362880
9 [1,3,2,6,7,4,5,9,8] [2,1,4,6,3,8,5,7,9] 181440
9 [1,3,2,5,7,4,6,9,8] [2,1,4,5,3,8,6,7,9] 362880
9 [1,3,2,6,4,7,5,9,8] [2,1,4,6,3,8,5,7,9] 362880
7 [1,3,2,5,4,7,6] [2,1,4,6,3,5,7] 5040
8 [1,3,2,5,4,7,6,8] [2,1,4,6,3,5,8,7] 64
9 [1,3,2,5,4,7,6,9,8] [2,1,4,6,3,5,8,7,9] 362880
9 [1,3,2,5,4,7,6,9,8] [2,1,4,6,3,8,5,7,9] 181440
9 [1,3,2,6,7,4,5,9,8] [2,1,4,7,3,6,9,5,8] 1512
9 [1,3,2,6,8,4,9,5,7] [2,1,4,7,3,6,5,8,9] 181440
9 [1,3,2,6,8,4,9,5,7] [2,1,4,7,3,6,5,9,8] 362880
9 [1,3,2,6,8,4,9,5,7] [2,1,4,7,3,6,8,9,5] 1512
9 [1,3,2,6,8,4,9,5,7] [2,1,4,7,3,9,6,8,5] 1512
9 [1,3,2,6,8,4,9,5,7] [2,1,4,7,3,9,5,8,6] 362880
9 [1,3,2,6,7,4,5,8,9] [2,1,4,5,3,8,9,7,6] 1296
9 [1,3,2,6,7,4,5,9,8] [2,1,4,5,3,8,6,7,9] 362880
9 [1,3,2,6,7,4,5,9,8] [2,1,4,5,3,8,9,7,6] 648
9 [1,3,2,6,7,4,5,9,8] [2,1,4,7,3,9,6,5,8] 362880
9 [1,3,2,6,8,4,9,5,7] [2,1,4,7,3,5,9,8,6] 1512
9 [1,3,2,6,8,4,9,5,7] [2,1,4,7,3,5,9,6,8] 362880
9 [1,3,2,6,8,4,9,5,7] [2,1,4,7,3,8,5,6,9] 362880
6 [1,3,2,6,4,5] [2,1,4,5,3,6] 720
9 [1,3,2,5,7,4,6,9,8] [2,1,4,6,3,8,5,7,9] 362880
9 [1,3,2,6,4,7,5,9,8] [2,1,4,5,3,8,6,7,9] 362880
9 [1,3,2,6,9,5,4,7,8] [2,1,4,8,3,9,6,5,7] 181440
8 [1,3,4,2,6,8,5,7] [2,3,1,5,6,4,7,8] 40320
7 [1,3,4,2,7,5,6] [2,3,1,5,7,4,6] 5040
9 [1,3,4,2,7,9,6,5,8] [2,3,1,5,6,4,7,8,9] 181440
5 [1,4,5,3,2] [2,4,1,3,5] 120
7 [1,4,6,5,2,7,3] [2,4,1,3,6,5,7] 168
6 [1,4,6,3,2,5] [2,4,1,5,3,6] 360
6 [1,4,5,6,2,3] [2,4,1,5,6,3] 120
4 [1,3,2,4] [2,4,1,3] 8
7 [1,3,2,4,5,7,6] [2,4,1,6,3,5,7] 5040
9 [1,3,2,4,5,7,6,9,8] [2,4,1,6,3,5,8,7,9] 362880
8 [1,3,2,4,5,7,6,8] [2,4,1,6,3,8,5,7] 64
8 [1,3,2,5,4,7,6,8] [2,4,1,3,6,8,5,7] 64
8 [1,3,2,5,4,7,6,8] [2,4,1,6,3,8,5,7] 16
8 [1,3,2,6,7,4,5,8] [2,4,1,5,3,8,6,7] 40320
6 [1,4,6,2,5,3] [2,5,1,4,3,6] 48
8 [1,4,6,2,5,3,8,7] [2,5,1,4,3,7,6,8] 40320
9 [1,4,6,2,5,3,9,8,7] [2,5,1,4,7,8,3,9,6] 362880
9 [1,4,6,2,5,3,8,7,9] [2,5,1,4,8,9,3,6,7] 362880
8 [1,4,6,2,5,3,7,8] [2,5,1,7,3,8,6,4] 16
8 [1,4,6,2,5,3,7,8] [2,5,1,7,6,8,3,4] 16
6 [1,4,6,2,5,3] [2,5,1,6,3,4] 24
8 [1,4,6,2,5,3,8,7] [2,5,1,6,3,7,4,8] 40320
8 [1,4,6,2,5,3,8,7] [2,5,1,7,3,8,4,6] 64
8 [1,4,6,2,5,3,8,7] [2,5,1,7,3,8,6,4] 16
9 [1,4,6,2,5,3,7,9,8] [2,5,1,6,9,8,3,4,7] 18
6 [1,4,5,2,3,6] [2,3,1,5,6,4] 12
6 [1,4,5,2,3,6] [2,5,1,3,6,4] 24
8 [1,4,6,2,7,3,5,8] [2,5,1,7,3,8,6,4] 64
8 [1,4,6,2,7,3,5,8] [2,5,1,7,6,8,3,4] 64
8 [1,4,6,2,7,3,5,8] [2,5,1,8,4,7,3,6] 16
8 [1,4,5,2,3,8,7,6] [2,5,1,7,8,3,6,4] 40320
8 [1,4,6,2,8,3,7,5] [2,5,1,7,3,8,6,4] 64
9 [1,4,5,3,2,7,9,6,8] [2,3,1,4,6,7,5,8,9] 216
8 [1,4,5,3,2,8,6,7] [2,3,1,4,6,8,5,7] 40320
5 [1,4,2,5,3] [2,5,1,3,4] 120
9 [1,4,7,6,2,3,5,9,8] [2,6,1,3,8,4,5,7,9] 181440
6 [1,3,4,2,6,5] [2,5,1,6,3,4] 72
6 [1,3,6,2,4,5] [2,5,1,4,3,6] 120
8 [1,3,6,2,7,4,8,5] [2,5,1,7,3,8,4,6] 1152
6 [1,3,4,2,6,5] [2,5,1,6,4,3] 72
7 [1,4,7,5,2,3,6] [2,6,1,4,7,3,5] 168
7 [1,4,2,3,6,7,5] [2,5,1,4,7,3,6] 5040
8 [1,4,2,3,7,8,6,5] [2,5,1,4,8,3,7,6] 40320
9 [1,4,2,3,7,8,9,5,6] [2,5,1,4,8,3,9,6,7] 181440
9 [1,4,5,8,2,9,3,7,6] [2,6,1,4,5,3,7,9,8] 648
6 [1,4,6,3,2,5] [2,6,1,3,5,4] 360
8 [1,4,2,6,7,3,8,5] [2,5,1,6,8,4,3,7] 40320
9 [1,4,2,6,8,3,9,7,5] [2,5,1,6,9,4,3,8,7] 216
8 [1,4,5,7,2,3,8,6] [2,3,1,5,6,4,7,8] 20160
8 [1,4,2,7,6,3,8,5] [2,5,1,6,8,4,3,7] 20160
9 [1,4,6,5,2,7,3,9,8] [2,3,1,7,6,9,8,4,5] 648
9 [1,4,6,5,2,7,3,9,8] [2,3,1,7,6,8,9,4,5] 648
9 [1,4,6,5,2,7,3,9,8] [2,6,1,3,7,8,9,4,5] 648
9 [1,4,6,5,2,7,3,9,8] [2,6,1,3,7,9,8,4,5] 648
9 [1,4,7,5,2,3,6,9,8] [2,6,1,7,3,8,9,4,5] 648
9 [1,4,7,5,2,3,6,9,8] [2,6,1,7,3,9,8,4,5] 648
9 [1,4,5,8,2,9,3,7,6] [2,6,1,7,4,3,5,9,8] 648
8 [1,4,5,3,2,7,8,6] [2,6,1,8,7,5,3,4] 1152
9 [1,4,5,8,2,9,3,7,6] [2,6,1,5,7,3,4,9,8] 648
2 [2,1] [1,2] 2
4 [2,1,4,3] [1,3,2,4] 8
6 [2,1,4,3,6,5] [1,3,2,5,4,6] 12
8 [2,1,4,3,6,5,8,7] [1,3,2,5,4,7,6,8] 16
8 [2,1,4,3,6,5,8,7] [1,3,2,5,4,7,8,6] 20160
9 [2,1,4,3,6,5,9,7,8] [1,3,2,5,4,7,8,6,9] 362880
6 [2,1,4,3,6,5] [1,3,2,5,6,4] 720
8 [2,1,4,3,7,8,5,6] [1,3,2,5,7,4,8,6] 40320
8 [2,1,4,3,6,5,8,7] [1,3,2,5,7,4,6,8] 20160
7 [2,1,4,3,7,5,6] [1,3,2,5,6,4,7] 5040
4 [2,1,4,3] [1,3,4,2] 12
6 [2,1,5,6,3,4] [1,3,5,2,6,4] 120
8 [2,1,5,6,3,4,8,7] [1,3,5,2,7,4,8,6] 20160
8 [2,1,5,6,3,4,8,7] [1,3,5,2,7,4,6,8] 192
9 [2,1,5,6,3,4,8,9,7] [1,3,5,2,7,4,6,9,8] 362880
8 [2,1,4,6,3,5,8,7] [1,3,4,2,7,5,6,8] 192
9 [2,1,4,6,3,7,5,9,8] [1,3,4,2,8,5,7,6,9] 181440
8 [2,1,5,3,6,4,8,7] [1,3,5,2,7,4,6,8] 192
6 [2,1,4,3,6,5] [1,3,5,2,4,6] 24
8 [2,1,4,3,6,5,8,7] [1,3,5,2,7,4,6,8] 192
8 [2,1,5,6,3,4,8,7] [1,3,6,2,5,8,4,7] 40320
8 [2,1,5,7,3,8,4,6] [1,3,6,2,5,4,7,8] 32
8 [2,1,5,7,3,8,4,6] [1,3,6,2,5,4,8,7] 192
8 [2,1,5,7,3,8,4,6] [1,3,6,2,5,7,8,4] 336
8 [2,1,5,6,3,4,8,7] [1,3,4,2,7,5,6,8] 24
8 [2,1,5,6,3,4,8,7] [1,3,4,2,7,8,6,5] 40320
8 [2,1,5,6,3,4,8,7] [1,3,6,2,8,5,4,7] 56
8 [2,1,5,7,3,8,4,6] [1,3,6,2,4,8,5,7] 56
8 [2,1,5,7,3,8,4,6] [1,3,6,2,7,4,5,8] 32
5 [2,1,5,3,4] [1,3,4,2,5] 120
8 [2,1,4,6,3,5,8,7] [1,3,5,2,7,4,6,8] 192
9 [2,1,4,6,3,5,8,9,7] [1,3,5,2,7,4,6,9,8] 181440
8 [2,1,5,3,6,4,8,7] [1,3,4,2,7,5,6,8] 192
9 [2,1,5,3,6,4,8,9,7] [1,3,4,2,7,5,6,9,8] 362880
9 [2,1,5,3,7,4,8,9,6] [1,3,4,2,8,5,9,6,7] 362880
8 [2,1,5,8,4,3,6,7] [1,3,7,2,8,5,4,6] 1152
8 [2,4,1,7,3,8,6,5] [1,2,6,7,3,5,8,4] 336
9 [2,4,1,8,3,9,5,6,7] [1,2,6,8,5,7,3,9,4] 1512
8 [2,4,1,3,8,7,5,6] [1,2,5,7,6,3,8,4] 96
9 [2,4,1,7,3,9,8,6,5] [1,2,6,8,3,5,7,9,4] 1512
9 [2,4,1,8,3,9,6,7,5] [1,2,6,9,8,4,3,5,7] 362880
8 [2,3,1,5,7,4,8,6] [1,3,5,2,6,8,4,7] 20160
8 [2,4,1,7,6,3,8,5] [1,4,6,7,2,5,3,8] 336
9 [2,4,1,7,6,3,9,5,8] [1,4,6,7,2,5,3,9,8] 1512
9 [2,3,1,5,4,7,6,9,8] [1,4,2,3,6,5,8,9,7] 362880
9 [2,3,1,5,7,4,6,9,8] [1,4,2,3,5,6,8,9,7] 181440
6 [2,3,1,5,6,4] [1,4,2,3,6,5] 720
9 [2,3,1,5,7,4,6,9,8] [1,4,2,3,6,5,8,9,7] 362880
9 [2,3,1,7,9,5,8,4,6] [1,4,5,2,8,3,7,9,6] 362880
9 [2,3,1,7,9,5,8,4,6] [1,4,6,3,2,5,8,9,7] 181440
6 [2,3,1,6,4,5] [1,4,5,6,2,3] 60
7 [2,3,1,7,6,4,5] [1,4,6,7,2,5,3] 5040
9 [2,3,1,5,8,7,9,4,6] [1,4,6,7,2,9,3,5,8] 362880
9 [2,3,1,6,9,7,4,5,8] [1,4,5,8,2,3,7,9,6] 181440
7 [2,4,1,3,6,7,5] [1,3,5,6,2,7,4] 5040
8 [2,4,1,3,6,8,5,7] [1,3,5,6,2,7,4,8] 96
9 [2,4,1,3,6,8,5,9,7] [1,3,6,7,2,5,9,4,8] 362880
6 [2,4,1,5,6,3] [1,5,2,6,3,4] 72
8 [2,4,1,5,6,8,3,7] [1,5,7,6,3,2,4,8] 336
5 [2,4,1,5,3] [1,3,5,2,4] 120
9 [2,4,1,7,6,3,9,5,8] [1,5,7,2,6,3,4,9,8] 1512
8 [2,4,1,3,6,5,8,7] [1,5,7,4,6,2,8,3] 192
8 [2,4,1,3,8,7,6,5] [1,5,7,4,8,2,6,3] 192
8 [2,4,1,3,6,7,8,5] [1,5,7,4,6,2,8,3] 24
9 [2,4,1,3,6,7,9,5,8] [1,5,7,4,6,2,8,3,9] 362880
8 [2,4,1,3,8,5,6,7] [1,5,7,4,8,2,6,3] 192
8 [2,4,1,3,6,5,8,7] [1,5,7,4,8,2,6,3] 192
8 [2,4,1,3,8,7,6,5] [1,5,7,4,6,2,8,3] 192
8 [2,4,1,3,6,7,8,5] [1,5,7,4,8,2,6,3] 192
8 [2,4,1,3,8,5,6,7] [1,5,7,4,6,2,8,3] 24
9 [2,4,1,7,6,5,3,9,8] [1,5,8,7,6,2,4,9,3] 362880
9 [2,4,1,7,9,8,3,6,5] [1,5,8,7,9,2,4,6,3] 181440
9 [2,4,1,6,8,3,9,5,7] [1,5,2,6,3,7,4,9,8] 362880
9 [2,4,1,6,8,3,9,7,5] [1,5,2,6,3,7,4,9,8] 362880
9 [2,4,1,7,6,8,3,9,5] [1,5,8,7,9,2,4,6,3] 362880
9 [2,4,1,7,9,5,3,6,8] [1,5,8,7,6,2,4,9,3] 362880
9 [2,4,1,8,7,3,9,6,5] [1,3,7,9,2,8,5,4,6] 72
2 [2,1] [2,1] 2
8 [2,1,4,3,6,5,8,7] [2,3,1,5,4,7,8,6] 192
5 [2,1,4,5,3] [2,3,1,5,4] 120
8 [2,1,4,6,3,5,8,7] [2,3,1,5,4,7,8,6] 192
9 [2,1,4,6,3,8,5,9,7] [2,3,1,5,4,7,9,6,8] 362880
4 [2,1,4,3] [2,4,1,3] 8
7 [2,1,5,7,6,3,4] [2,4,1,7,6,5,3] 5040
6 [2,1,5,6,3,4] [2,4,1,6,3,5] 18
9 [2,1,5,8,6,3,9,4,7] [2,4,1,8,6,5,3,9,7] 362880
8 [2,1,5,6,3,4,8,7] [2,4,1,6,3,8,5,7] 32
8 [2,1,4,3,6,5,8,7] [2,4,1,6,3,8,5,7] 16
8 [2,1,4,3,7,8,5,6] [2,4,1,6,3,5,8,7] 288
8 [2,1,4,3,7,8,5,6] [2,4,1,6,3,7,8,5] 40320
8 [2,1,5,6,3,4,8,7] [2,4,1,3,7,5,8,6] 24
8 [2,1,5,6,3,4,8,7] [2,4,1,5,7,3,8,6] 384
8 [2,1,5,6,3,4,8,7] [2,4,1,3,6,8,5,7] 32
8 [2,1,5,7,3,8,4,6] [2,4,1,8,6,3,5,7] 40320
8 [2,1,5,7,3,8,4,6] [2,4,1,8,7,3,5,6] 24
8 [2,1,5,3,7,4,8,6] [2,4,1,5,7,3,8,6] 40320
8 [2,1,5,6,4,3,8,7] [2,4,1,8,6,5,3,7] 192
8 [2,4,1,3,7,8,6,5] [2,1,5,7,8,3,6,4] 96
6 [2,4,1,6,3,5] [2,1,5,3,6,4] 72
8 [2,5,1,7,3,4,8,6] [2,5,6,1,8,3,4,7] 96
7 [2,5,1,6,7,3,4] [2,5,4,1,6,7,3] 2520
9 [2,3,1,8,9,4,5,6,7] [2,5,6,1,9,8,3,7,4] 362880
9 [2,3,1,5,7,8,4,9,6] [2,5,6,1,4,3,9,7,8] 181440
5 [2,5,1,3,4] [2,4,5,1,3] 120
8 [2,5,1,8,6,4,3,7] [2,6,7,1,3,4,8,5] 336
9 [2,5,1,3,6,9,8,4,7] [2,6,5,1,7,8,3,9,4] 362880
8 [2,5,1,7,3,8,4,6] [2,4,6,1,3,5,8,7] 192
8 [2,5,1,7,3,8,6,4] [2,4,6,1,3,5,8,7] 192
8 [2,5,1,7,3,8,4,6] [2,6,4,1,3,5,8,7] 192
8 [2,5,1,7,3,8,6,4] [2,6,4,1,3,5,8,7] 24
8 [2,5,1,6,4,3,8,7] [2,6,7,1,3,8,4,5] 1152
9 [2,5,1,7,3,8,9,4,6] [2,4,5,1,9,3,6,7,8] 362880
9 [2,5,1,8,7,3,6,9,4] [2,4,5,1,6,9,3,7,8] 72
4 [2,1,4,3] [3,4,1,2] 4
8 [2,1,4,3,7,8,5,6] [3,4,1,6,2,5,8,7] 32
8 [2,1,4,3,7,8,5,6] [3,4,1,6,2,7,8,5] 96
4 [2,1,4,3] [3,4,2,1] 4
8 [2,1,5,6,3,4,8,7] [3,5,2,1,8,7,4,6] 32
6 [2,1,5,6,3,4] [3,5,4,1,6,2] 6
6 [2,1,5,6,3,4] [3,5,6,1,4,2] 6
8 [2,1,5,6,3,4,8,7] [3,5,7,1,8,2,4,6] 8
8 [2,1,5,6,3,4,8,7] [3,5,7,1,8,2,6,4] 8
8 [2,1,5,7,3,8,4,6] [3,5,7,1,8,2,6,4] 384
8 [2,1,5,8,3,7,6,4] [3,5,7,1,8,2,4,6] 48
6 [2,1,5,6,3,4] [3,4,1,2,6,5] 6
8 [2,1,5,6,3,4,8,7] [3,4,1,2,7,8,5,6] 8
8 [2,1,5,6,3,4,8,7] [3,4,1,2,7,8,6,5] 64
6 [2,1,6,5,4,3] [3,4,1,6,2,5] 48
8 [2,1,6,7,8,3,4,5] [3,4,1,6,2,5,8,7] 32
8 [2,1,6,5,4,3,8,7] [3,4,1,7,2,8,6,5] 24
8 [2,1,6,7,8,3,4,5] [3,4,1,5,2,8,6,7] 192
8 [2,1,6,5,8,3,4,7] [3,4,1,7,2,8,6,5] 192
8 [2,1,6,7,4,3,8,5] [3,4,1,5,2,8,6,7] 192
8 [2,1,5,6,3,4,8,7] [3,4,2,1,7,8,6,5] 16
8 [2,1,6,5,4,3,8,7] [3,5,2,1,8,7,4,6] 64
8 [2,1,6,7,8,3,4,5] [3,5,2,1,4,7,8,6] 20160
8 [2,1,6,5,4,8,3,7] [3,5,2,1,8,7,6,4] 192
8 [2,1,7,5,4,8,6,3] [3,5,4,1,6,2,8,7] 192
8 [2,1,6,5,4,3,8,7] [3,5,7,1,8,2,4,6] 8
8 [2,1,6,7,8,3,4,5] [3,5,7,1,4,2,8,6] 32
8 [2,4,1,3,6,7,8,5] [4,5,7,1,8,2,6,3] 24
8 [2,4,1,3,8,5,6,7] [4,5,7,1,6,2,8,3] 192
6 [2,4,1,5,6,3] [4,3,5,6,1,2] 120
6 [2,5,1,6,4,3] [4,1,6,2,3,5] 120
6 [2,5,1,3,6,4] [4,1,6,5,3,2] 720
