9 [1,2,5,4,6,3,7,8,9] [2,4,1,7,6,9,3,5,8] 362880
9 [1,2,5,4,6,3,7,8,9] [2,4,1,7,8,5,3,9,6] 362880
9 [1,2,5,4,6,3,7,8,9] [2,4,1,7,8,3,6,9,5] 362880
9 [1,2,5,4,6,3,7,8,9] [2,4,1,8,6,9,3,5,7] 181440
9 [1,2,5,4,6,3,7,8,9] [2,4,1,8,9,5,3,6,7] 181440
9 [1,2,5,4,6,3,7,8,9] [2,4,1,7,3,8,5,9,6] 362880
9 [1,2,5,4,6,3,7,8,9] [2,4,1,7,3,9,6,5,8] 181440
9 [1,2,5,4,6,3,7,8,9] [2,4,1,7,8,3,5,9,6] 181440
8 [1,2,5,4,6,3,7,8] [2,4,1,3,6,8,5,7] 20160
9 [1,2,5,4,6,3,7,8,9] [2,4,1,3,6,8,5,9,7] 362880
8 [1,2,5,4,6,3,7,8] [2,4,1,3,7,5,8,6] 20160
9 [1,2,5,4,6,3,7,8,9] [2,4,1,3,7,5,9,6,8] 362880
8 [1,2,5,4,6,3,7,8] [2,4,1,6,7,3,8,5] 20160
8 [1,2,5,4,6,3,7,8] [2,4,1,5,6,8,3,7] 40320
9 [1,2,5,4,6,3,7,8,9] [2,4,1,5,6,8,3,9,7] 181440
8 [1,2,5,4,6,3,7,8] [2,4,1,6,8,5,3,7] 40320
9 [1,2,5,4,6,3,7,8,9] [2,4,1,6,8,5,3,9,7] 181440
8 [1,2,5,4,6,3,7,8] [2,4,1,5,3,7,8,6] 20160
8 [1,2,5,4,6,3,7,8] [2,4,1,6,3,8,5,7] 40320
8 [1,2,5,4,6,3,7,8] [2,4,1,5,7,3,8,6] 40320
7 [1,2,4,5,3,6,7] [2,3,1,5,7,4,6] 5040
7 [1,2,4,5,3,6,7] [2,3,1,6,4,7,5] 5040
9 [1,2,4,5,3,6,7,8,9] [2,3,1,6,8,7,4,9,5] 81
9 [1,2,4,5,3,6,7,8,9] [2,3,1,6,8,9,4,7,5] 162
9 [1,2,5,3,4,7,8,6,9] [2,4,1,3,6,9,5,8,7] 216
9 [1,2,5,3,4,8,6,7,9] [2,4,1,3,6,9,5,8,7] 181440
7 [1,2,4,5,3,6,7] [2,4,1,5,7,3,6] 2520
9 [1,2,5,7,6,3,8,4,9] [2,4,1,7,8,3,6,9,5] 362880
9 [1,2,5,7,6,3,8,4,9] [2,4,1,7,3,8,5,9,6] 432
7 [1,2,5,3,4,6,7] [2,4,1,5,7,3,6] 2520
9 [1,2,4,5,3,7,8,6,9] [2,4,1,3,6,9,5,8,7] 181440
9 [1,2,4,5,3,8,6,7,9] [2,4,1,3,6,9,5,8,7] 216
9 [1,2,5,7,6,3,8,4,9] [2,4,1,8,3,7,9,5,6] 362880
9 [1,2,5,7,6,3,8,4,9] [2,4,1,8,7,3,9,6,5] 432
9 [1,2,5,3,4,6,7,8,9] [2,4,1,7,8,3,9,6,5] 81
9 [1,2,4,5,3,6,7,8,9] [2,4,1,7,8,3,9,6,5] 81
4 [1,3,4,2] [2,1,3,4] 24
5 [1,3,4,2,5] [2,1,3,5,4] 60
7 [1,3,4,2,6,7,5] [2,1,3,5,4,6,7] 168
8 [1,3,4,2,6,7,5,8] [2,1,3,5,4,6,8,7] 336
7 [1,3,4,2,6,7,5] [2,1,3,5,4,7,6] 42
8 [1,3,4,2,6,7,5,8] [2,1,3,5,4,8,7,6] 48
9 [1,3,4,2,6,7,5,8,9] [2,1,3,5,4,8,9,6,7] 1512
9 [1,3,4,2,6,7,5,8,9] [2,1,3,5,4,8,9,7,6] 362880
4 [1,3,4,2] [2,1,4,3] 12
9 [1,3,4,2,6,9,5,7,8] [2,1,4,6,3,8,7,5,9] 362880
7 [1,3,4,2,6,7,5] [2,1,5,4,3,6,7] 168
8 [1,3,4,2,6,7,5,8] [2,1,5,4,3,6,8,7] 48
7 [1,3,4,2,6,7,5] [2,1,5,4,3,7,6] 42
9 [1,3,4,2,6,7,5,8,9] [2,1,5,4,3,8,9,6,7] 1512
9 [1,3,4,2,6,7,5,8,9] [2,1,5,4,3,8,9,7,6] 362880
6 [1,3,4,2,5,6] [2,1,5,6,3,4] 18
8 [1,3,4,2,5,7,8,6] [2,1,5,6,3,4,7,8] 336
8 [1,3,4,2,5,7,8,6] [2,1,5,6,3,4,8,7] 168
6 [1,3,4,2,5,6] [2,1,5,6,4,3] 36
7 [1,3,4,2,6,7,5] [2,1,5,6,3,4,7] 5040
8 [1,3,4,2,6,7,5,8] [2,1,5,6,3,4,8,7] 24
7 [1,3,4,2,6,7,5] [2,1,5,6,4,3,7] 168
8 [1,3,4,2,6,7,5,8] [2,1,5,6,4,3,8,7] 576
7 [1,3,4,2,7,5,6] [2,1,5,6,3,4,7] 5040
8 [1,3,4,2,7,5,6,8] [2,1,5,6,3,4,8,7] 24
7 [1,3,4,2,7,5,6] [2,1,5,6,4,3,7] 168
9 [1,3,5,2,4,8,9,7,6] [2,3,1,6,4,8,5,7,9] 181440
6 [1,4,6,3,2,5] [2,4,1,3,5,6] 120
7 [1,4,6,7,2,3,5] [2,4,1,3,5,7,6] 168
9 [1,4,2,7,3,5,6,9,8] [2,4,1,8,5,3,9,6,7] 1512
8 [1,3,2,5,6,4,8,7] [2,4,1,3,7,8,6,5] 288
9 [1,3,2,5,7,4,9,6,8] [2,4,1,7,3,8,9,5,6] 1512
8 [1,3,2,5,6,4,8,7] [2,4,1,7,3,8,5,6] 288
9 [1,3,2,5,8,4,9,7,6] [2,4,1,7,3,5,8,9,6] 1512
8 [1,3,2,6,4,5,8,7] [2,4,1,7,3,8,5,6] 288
8 [1,4,6,2,7,3,8,5] [2,5,1,8,4,7,3,6] 576
7 [1,4,6,2,3,7,5] [2,5,1,7,3,6,4] 168
8 [1,4,6,2,8,3,5,7] [2,5,1,7,3,8,4,6] 576
8 [1,4,6,2,8,3,5,7] [2,5,1,7,6,8,3,4] 576
9 [1,4,2,5,7,3,6,9,8] [2,5,1,4,8,3,9,6,7] 1512
5 [1,3,4,2,5] [2,5,1,4,3] 120
8 [1,3,4,2,5,7,8,6] [2,5,1,6,3,4,7,8] 20160
8 [1,3,4,2,5,7,8,6] [2,5,1,6,3,4,8,7] 40320
6 [1,3,4,2,5,6] [2,5,1,6,4,3] 18
8 [1,4,7,5,2,6,8,3] [2,6,1,5,7,3,8,4] 24
8 [1,4,7,5,2,6,8,3] [2,6,1,5,8,3,4,7] 168
6 [1,4,2,3,5,6] [2,5,1,6,4,3] 18
8 [1,4,7,5,2,6,8,3] [2,6,1,8,4,3,5,7] 24
9 [1,4,6,5,2,7,3,8,9] [2,3,1,6,7,8,9,4,5] 81
9 [1,4,6,5,2,7,3,8,9] [2,3,1,6,7,9,8,4,5] 54
6 [1,4,2,6,3,5] [2,5,1,3,6,4] 120
9 [1,4,7,5,2,3,6,8,9] [2,6,1,3,7,9,8,4,5] 81
9 [1,4,6,5,2,7,3,8,9] [2,6,1,7,3,8,9,4,5] 81
9 [1,4,6,5,2,7,3,8,9] [2,3,1,7,6,9,8,4,5] 27
9 [1,4,6,5,2,7,3,8,9] [2,3,1,7,6,8,9,4,5] 162
9 [1,4,6,8,2,9,3,5,7] [2,3,1,7,6,8,9,4,5] 362880
9 [1,4,6,5,2,7,3,8,9] [2,6,1,3,7,9,8,4,5] 27
9 [1,4,7,5,2,3,6,8,9] [2,6,1,7,3,8,9,4,5] 27
8 [2,1,5,6,3,4,8,7] [1,3,4,2,7,5,8,6] 40320
8 [2,1,5,6,3,4,8,7] [1,3,6,2,7,5,4,8] 336
8 [2,1,5,7,3,8,4,6] [1,3,6,2,7,8,5,4] 40320
9 [2,1,4,7,3,5,6,9,8] [1,3,6,2,7,4,9,5,8] 181440
3 [2,3,1] [1,2,3] 3
6 [2,3,1,5,6,4] [1,2,4,3,5,6] 24
9 [2,3,1,5,6,4,8,9,7] [1,2,4,3,5,7,6,8,9] 324
9 [2,3,1,5,6,4,8,9,7] [1,2,4,3,5,7,6,9,8] 432
6 [2,3,1,5,6,4] [1,2,4,3,6,5] 60
9 [2,3,1,5,6,4,8,9,7] [1,2,4,3,7,6,5,9,8] 432
9 [2,3,1,5,6,4,8,9,7] [1,2,4,3,7,8,5,6,9] 54
9 [2,3,1,5,6,4,8,9,7] [1,2,4,3,7,8,6,5,9] 181440
9 [2,3,1,5,6,4,9,7,8] [1,2,4,3,7,8,5,6,9] 362880
9 [2,3,1,5,6,4,9,7,8] [1,2,4,3,7,8,6,5,9] 181440
9 [2,4,1,7,3,8,9,5,6] [1,2,4,6,5,3,7,8,9] 81
3 [2,3,1] [1,3,2] 6
8 [2,3,1,5,8,4,6,7] [1,3,5,2,7,6,4,8] 20160
9 [2,3,1,6,4,5,9,7,8] [1,3,5,2,8,6,4,9,7] 181440
9 [2,3,1,6,4,5,8,9,7] [1,3,5,2,8,6,4,7,9] 648
9 [2,3,1,6,4,5,8,9,7] [1,3,5,2,8,9,4,7,6] 54
9 [2,3,1,5,8,4,9,6,7] [1,3,5,2,7,9,4,6,8] 181440
9 [2,3,1,5,6,4,8,9,7] [1,3,5,2,7,8,4,9,6] 181440
9 [2,4,1,7,3,5,9,6,8] [1,4,2,7,5,3,9,8,6] 362880
8 [2,4,1,3,6,8,5,7] [1,4,2,6,3,8,7,5] 336
9 [2,4,1,6,3,7,9,5,8] [1,4,2,7,3,6,9,8,5] 162
9 [2,3,1,5,6,4,9,7,8] [1,4,2,7,3,8,5,9,6] 181440
9 [2,3,1,6,4,5,9,7,8] [1,4,2,7,3,6,9,5,8] 181440
9 [2,3,1,6,4,5,8,9,7] [1,4,2,7,3,9,8,5,6] 54
6 [2,3,1,5,6,4] [1,4,5,2,3,6] 12
9 [2,3,1,5,6,4,8,9,7] [1,4,5,2,3,7,6,9,8] 181440
6 [2,3,1,5,6,4] [1,4,5,3,2,6] 120
9 [2,3,1,5,6,4,8,9,7] [1,4,5,3,2,7,6,9,8] 362880
6 [2,3,1,6,4,5] [1,4,5,2,3,6] 24
9 [2,3,1,6,4,5,8,9,7] [1,4,5,2,3,7,6,9,8] 54
9 [2,3,1,6,8,7,4,9,5] [1,4,5,2,3,6,9,8,7] 362880
9 [2,3,1,6,8,7,4,9,5] [1,4,5,2,3,6,8,7,9] 18
9 [2,3,1,6,8,7,4,9,5] [1,4,5,2,3,8,9,6,7] 504
9 [2,3,1,6,8,7,4,9,5] [1,4,5,2,3,8,9,7,6] 362880
9 [2,3,1,6,8,7,4,9,5] [1,4,5,2,3,7,6,9,8] 504
9 [2,3,1,6,8,7,4,9,5] [1,4,5,2,3,9,8,6,7] 362880
9 [2,3,1,6,8,7,4,9,5] [1,4,5,2,3,9,8,7,6] 648
9 [2,3,1,6,4,5,8,9,7] [1,4,5,3,2,7,6,9,8] 362880
9 [2,3,1,6,8,7,4,9,5] [1,4,5,3,2,8,6,9,7] 181440
9 [2,3,1,6,8,7,4,9,5] [1,4,5,3,2,7,9,6,8] 36
9 [2,3,1,6,8,7,4,9,5] [1,4,5,3,2,7,8,9,6] 181440
9 [2,3,1,6,8,7,4,9,5] [1,4,5,3,2,9,6,7,8] 181440
9 [2,3,1,8,4,7,9,5,6] [1,4,6,8,2,9,3,7,5] 72
9 [2,3,1,5,8,9,6,4,7] [1,4,6,9,2,8,3,5,7] 72
9 [2,3,1,7,6,9,8,4,5] [1,4,6,5,2,7,3,8,9] 27
9 [2,3,1,7,6,9,8,4,5] [1,4,6,5,2,7,3,9,8] 648
9 [2,3,1,8,9,5,4,7,6] [1,4,6,9,2,8,3,5,7] 362880
9 [2,3,1,7,6,9,8,4,5] [1,4,6,8,2,9,3,7,5] 362880
9 [2,3,1,8,9,5,4,7,6] [1,4,6,7,2,5,3,9,8] 54
8 [2,4,1,5,3,7,8,6] [1,5,2,4,7,3,8,6] 40320
9 [2,4,1,5,8,9,3,6,7] [1,5,8,7,9,2,4,6,3] 181440
9 [2,4,1,8,9,3,5,7,6] [1,5,6,2,7,4,3,8,9] 162
5 [2,4,1,5,3] [1,3,4,5,2] 120
9 [2,4,1,7,9,8,3,6,5] [1,5,8,7,3,2,4,9,6] 181440
9 [2,4,1,8,9,3,5,7,6] [1,3,7,6,2,5,4,8,9] 162
7 [2,4,1,6,3,7,5] [1,5,2,3,6,7,4] 5040
9 [2,4,1,8,3,7,9,6,5] [1,5,7,3,6,2,4,8,9] 81
9 [2,4,1,3,6,7,5,9,8] [1,5,2,7,8,3,4,9,6] 181440
8 [2,1,5,7,3,8,4,6] [2,4,1,5,7,3,8,6] 336
8 [2,1,5,7,8,3,6,4] [2,4,1,3,6,8,5,7] 1344
8 [2,1,5,7,8,3,6,4] [2,4,1,3,7,5,8,6] 1344
6 [2,3,1,5,6,4] [2,1,4,3,6,5] 24
5 [2,4,1,5,3] [2,1,4,5,3] 120
7 [2,4,1,6,3,7,5] [2,1,4,6,7,3,5] 2520
9 [2,4,1,7,3,8,9,5,6] [2,1,4,6,8,3,9,5,7] 162
3 [2,3,1] [2,3,1] 3
9 [2,3,1,6,4,5,8,9,7] [2,3,5,1,8,9,4,7,6] 362880
9 [2,3,1,5,8,4,9,6,7] [2,3,5,1,7,9,4,6,8] 362880
9 [2,3,1,5,6,4,8,9,7] [2,3,5,1,7,8,4,9,6] 54
9 [2,4,1,6,3,7,9,5,8] [2,4,6,1,9,5,3,7,8] 162
9 [2,5,1,7,6,3,4,9,8] [2,5,7,1,6,9,8,3,4] 362880
9 [2,5,1,7,9,3,6,4,8] [2,5,7,1,9,4,8,3,6] 162
9 [2,5,1,8,7,3,9,6,4] [2,5,7,1,8,3,9,6,4] 81
9 [2,3,1,7,6,9,8,4,5] [2,5,6,1,3,4,9,7,8] 432
9 [2,3,1,7,4,9,5,6,8] [2,4,5,1,8,3,9,7,6] 432
9 [2,3,1,7,6,9,8,4,5] [2,4,5,1,6,3,8,9,7] 27
9 [2,3,1,6,8,7,4,9,5] [2,4,5,1,9,3,8,6,7] 432
9 [2,3,1,6,9,8,5,4,7] [2,5,6,1,9,7,3,4,8] 18
9 [2,3,1,8,9,4,5,6,7] [2,5,6,1,9,7,3,4,8] 362880
9 [2,3,1,6,4,5,9,7,8] [2,5,6,1,8,3,4,9,7] 362880
9 [2,3,1,7,8,4,6,9,5] [2,5,4,1,6,3,9,7,8] 432
9 [2,3,1,8,7,4,9,6,5] [2,5,6,1,9,7,3,4,8] 362880
9 [2,4,1,7,3,5,8,9,6] [2,3,6,1,9,5,8,4,7] 81
8 [2,4,1,8,7,3,5,6] [2,5,7,1,4,8,6,3] 1344
9 [2,4,1,7,6,3,8,9,5] [2,5,7,1,6,9,8,3,4] 362880
9 [2,4,1,7,9,3,8,5,6] [2,5,7,1,9,3,6,4,8] 162
8 [2,5,1,7,8,3,4,6] [2,3,4,1,6,8,5,7] 1344
9 [2,5,1,8,9,7,3,6,4] [2,6,8,1,3,7,9,5,4] 162
3 [2,3,1] [3,1,2] 3
9 [2,3,1,6,4,5,9,7,8] [3,1,5,2,7,8,4,9,6] 54
9 [2,4,1,7,3,5,9,6,8] [4,1,5,2,6,3,8,9,7] 81
9 [2,3,1,8,4,9,6,5,7] [3,5,7,1,6,2,9,4,8] 18
9 [2,3,1,7,9,5,8,4,6] [3,5,4,1,6,2,9,7,8] 27
9 [2,4,1,6,3,8,9,7,5] [4,6,8,5,1,7,2,9,3] 81
9 [2,4,1,8,9,3,6,5,7] [4,5,7,1,6,2,3,9,8] 162
8 [2,4,1,3,8,7,5,6] [4,6,7,8,1,3,2,5] 168
9 [2,4,1,8,9,3,5,7,6] [4,6,8,9,1,7,2,5,3] 162
7 [2,4,1,5,7,3,6] [3,1,7,6,2,5,4] 2520
9 [2,5,1,9,8,3,4,7,6] [4,1,7,2,6,9,8,3,5] 81
9 [2,5,1,3,6,9,8,4,7] [4,1,7,8,3,2,5,9,6] 162
8 [2,5,1,8,7,4,3,6] [4,1,5,3,6,2,8,7] 20160
6 [2,3,1,5,6,4] [4,5,6,1,2,3] 6
6 [2,3,1,5,6,4] [4,5,6,1,3,2] 36
6 [2,3,1,6,4,5] [4,6,5,2,1,3] 6
6 [2,3,1,5,6,4] [4,5,6,3,1,2] 6
9 [2,3,1,6,7,8,9,4,5] [4,6,8,5,1,7,2,9,3] 9
9 [2,3,1,6,9,8,5,4,7] [4,6,8,5,1,9,2,7,3] 162
9 [2,3,1,6,7,8,9,4,5] [4,6,8,7,1,9,2,5,3] 9
9 [2,3,1,6,7,8,9,4,5] [4,6,8,9,1,5,2,7,3] 9
9 [2,3,1,6,9,8,5,4,7] [4,6,8,5,1,7,2,9,3] 81
9 [2,3,1,6,9,8,5,4,7] [4,6,8,7,1,9,2,5,3] 81
9 [2,3,1,6,9,8,5,4,7] [4,6,8,9,1,5,2,7,3] 81
9 [2,6,1,7,8,4,9,3,5] [4,7,9,5,1,3,8,2,6] 81
9 [2,5,1,6,9,7,8,3,4] [4,6,7,3,1,9,2,5,8] 81
6 [2,3,1,6,4,5] [4,5,6,1,2,3] 6
9 [2,5,1,9,8,4,3,6,7] [4,6,8,1,9,7,2,3,5] 162
6 [2,3,1,5,6,4] [4,6,5,2,1,3] 18
9 [2,3,1,8,9,4,5,6,7] [4,6,8,5,1,9,2,7,3] 18
