# brute-force check of the transfer formula (small m)
q=0.3 r=0.5 m=3: T 0.341557751195 vs 0.341557751195; TJT 5.34651441918 vs 5.34651441918; Br 0.450585985682 vs 0.450585985682; nD_n 15.6533248052 vs closed 15.6533248052
q=0.5 r=0.2 m=4: T 0.45212176 vs 0.45212176; TJT 8.81589942 vs 8.81589942; Br 0.328064 vs 0.328064; nD_n 19.4989496192 vs closed 19.4989496192
q=0.2 r=0.8 m=4: T 0.426879981602 vs 0.426879981602; TJT 8.50982378179 vs 8.50982378179; Br 1.07357174659 vs 1.07357174659; nD_n 19.9349328817 vs closed 19.9349328817

# hairpin H_m vs straight path S_n, same environment, n = 2m+2
# q    r     n    nD_n(H)   A=lim nD_n  Br/TJT(H)  slope_pred*n   Br/TJT(S)  D_n(S)
0.1  0.1      10   13.48655   16.76869    0.50539     0.70931    0.48645  3.25172
0.1  0.1      20   16.16797   16.76869    1.15720     1.41862    0.56917  3.25172
0.1  0.1      40   16.74857   16.76869    2.53741     2.83724    0.61054  3.25172
0.1  0.1     100   16.76869   16.76869    6.79022     7.09310    0.63536  3.25172
0.1  0.1     200   16.76869   16.76869   13.88332    14.18620    0.64363  3.25172
0.1  0.1     400   16.76869   16.76869   28.06952    28.37240    0.64777  3.25172
0.1  0.1    2000   16.76869   16.76869  141.55911   141.86199   (closed form)
0.1  0.1   20000   16.76869   16.76869 1418.31701  1418.61988   (closed form)
0.1  0.1  200000   16.76869   16.76869 14185.89593 14186.19880   (closed form)
0.1  0.3      10   18.25305   42.94614    0.31914     0.27350    0.37598  2.53177
0.1  0.3      20   28.97557   42.94614    0.60449     0.54700    0.48174  2.53177
0.1  0.3      40   38.47425   42.94614    1.06582     1.09400    0.53487  2.53177
0.1  0.3     100   42.79948   42.94614    2.60474     2.73501    0.56674  2.53177
0.1  0.3     200   42.94565   42.94614    5.33092     5.47002    0.57737  2.53177
0.1  0.3     400   42.94614   42.94614   10.80087    10.94004    0.58268  2.53177
0.1  0.3    2000   42.94614   42.94614   54.56102    54.70019   (closed form)
0.1  0.3   20000   42.94614   42.94614  546.86270   547.00186   (closed form)
0.1  0.3  200000   42.94614   42.94614 5469.87949  5470.01865   (closed form)
0.1  0.6      10   20.00537  226.63161    0.18249     0.04253    0.24001  2.12003
0.1  0.6      20   38.40381  226.63161    0.33359     0.08506    0.35858  2.12003
0.1  0.6      40   70.43185  226.63161    0.45513     0.17012    0.42196  2.12003
0.1  0.6     100  137.36889  226.63161    0.65435     0.42530    0.46003  2.12003
0.1  0.6     200  191.50364  226.63161    0.97269     0.85060    0.47272  2.12003
0.1  0.6     400  221.19136  226.63161    1.71366     1.70120    0.47906  2.12003
0.1  0.6    2000  226.63161  226.63161    8.47734     8.50602   (closed form)
0.1  0.6   20000  226.63161  226.63161   85.03150    85.06018   (closed form)
0.1  0.6  200000  226.63161  226.63161  850.57309   850.60177   (closed form)
0.1  0.9      10   20.01245 5840.92280    0.11389     0.00133    0.14971  2.00573
0.1  0.9      20   39.96626 5840.92280    0.22576     0.00267    0.25860  2.00573
0.1  0.9      40   79.66890 5840.92280    0.30620     0.00533    0.32498  2.00573
0.1  0.9     100  197.15387 5840.92280    0.36075     0.01334    0.36521  2.00573
0.1  0.9     200  387.66235 5840.92280    0.38439     0.02667    0.37863  2.00573
0.1  0.9     400  749.60424 5840.92280    0.40661     0.05334    0.38533  2.00573
0.1  0.9    2000 2901.76758 5840.92280    0.53452     0.26671   (closed form)
0.1  0.9   20000 5834.84306 5840.92280    2.66872     2.66711   (closed form)
0.1  0.9  200000 5840.92280 5840.92280   26.66989    26.67105   (closed form)
0.3  0.1      10   17.25929   51.41414    0.12685     0.07189    0.18325  2.13785
0.3  0.1      20   28.74771   51.41414    0.20473     0.14378    0.20767  2.13785
0.3  0.1      40   41.43152   51.41414    0.32048     0.28757    0.21988  2.13785
0.3  0.1     100   50.56138   51.41414    0.70124     0.71891    0.22720  2.13785
0.3  0.1     200   51.40001   51.41414    1.40890     1.43783    0.22964  2.13785
0.3  0.1     400   51.41414   51.41414    2.84634     2.87565    0.23087  2.13785
0.3  0.1    2000   51.41414   51.41414   14.34895    14.37826   (closed form)
0.3  0.1   20000   51.41414   51.41414  143.75331   143.78262   (closed form)
0.3  0.1  200000   51.41414   51.41414 1437.79686  1437.82616   (closed form)
0.3  0.3      10   18.58925   98.55604    0.11571     0.03797    0.16714  2.07586
0.3  0.3      20   33.70228   98.55604    0.17486     0.07594    0.19229  2.07586
0.3  0.3      40   55.89945   98.55604    0.23932     0.15189    0.20487  2.07586
0.3  0.3     100   86.41827   98.55604    0.41464     0.37972    0.21241  2.07586
0.3  0.3     200   97.06189   98.55604    0.75474     0.75945    0.21492  2.07586
0.3  0.3     400   98.53340   98.55604    1.50309     1.51890    0.21618  2.07586
0.3  0.3    2000   98.55604   98.55604    7.57834     7.59449   (closed form)
0.3  0.3   20000   98.55604   98.55604   75.92872    75.94487   (closed form)
0.3  0.3  200000   98.55604   98.55604  759.43256   759.44871   (closed form)
0.3  0.6      10   19.64967  374.85606    0.10150     0.00978    0.14498  2.02182
0.3  0.6      20   38.28637  374.85606    0.14776     0.01955    0.17080  2.02182
0.3  0.6      40   72.67762  374.85606    0.17869     0.03911    0.18372  2.02182
0.3  0.6     100  156.16607  374.85606    0.22396     0.09777    0.19146  2.02182
0.3  0.6     200  247.27939  374.85606    0.28964     0.19553    0.19404  2.02182
0.3  0.6     400  331.43944  374.85606    0.43724     0.39106    0.19534  2.02182
0.3  0.6    2000  374.84825  374.85606    1.95088     1.95530   (closed form)
0.3  0.6   20000  374.85606  374.85606   19.54857    19.55304   (closed form)
0.3  0.6  200000  374.85606  374.85606  195.52590   195.53036   (closed form)
0.3  0.9      10   19.98366 7404.75608    0.08940     0.00047    0.12531  2.00122
0.3  0.9      20   39.91470 7404.75608    0.13209     0.00094    0.15140  2.00122
0.3  0.9      40   79.61556 7404.75608    0.15404     0.00189    0.16444  2.00122
0.3  0.9     100  197.43865 7404.75608    0.16835     0.00472    0.17227  2.00122
0.3  0.9     200  389.61410 7404.75608    0.17504     0.00944    0.17487  2.00122
0.3  0.9     400  758.72915 7404.75608    0.18204     0.01888    0.17618  2.00122
0.3  0.9    2000 3091.87836 7404.75608    0.22558     0.09442   (closed form)
0.3  0.9   20000 7371.48446 7404.75608    0.94825     0.94422   (closed form)
0.3  0.9  200000 7404.75608 7404.75608    9.44200     9.44223   (closed form)
0.5  0.1      10   19.34956  252.48827    0.03738     0.00479    0.05574  2.01426
0.5  0.1      20   37.21010  252.48827    0.05197     0.00959    0.06283  2.01426
0.5  0.1      40   68.93115  252.48827    0.06317     0.01918    0.06638  2.01426
0.5  0.1     100  138.70329  252.48827    0.08376     0.04794    0.06851  2.01426
0.5  0.1     200  201.20909  252.48827    0.11790     0.09588    0.06921  2.01426
0.5  0.1     400  242.07341  252.48827    0.19800     0.19177    0.06957  2.01426
0.5  0.1    2000  252.48824  252.48827    0.95690     0.95883   (closed form)
0.5  0.1   20000  252.48827  252.48827    9.58635     9.58828   (closed form)
0.5  0.1  200000  252.48827  252.48827   95.88091    95.88284   (closed form)
0.5  0.3      10   19.62628  438.67041    0.03704     0.00280    0.05398  2.00839
0.5  0.3      20   38.37153  438.67041    0.05093     0.00560    0.06109  2.00839
0.5  0.3      40   73.38393  438.67041    0.06008     0.01119    0.06465  2.00839
0.5  0.3     100  161.09482  438.67041    0.07307     0.02798    0.06678  2.00839
0.5  0.3     200  263.02881  438.67041    0.09141     0.05595    0.06750  2.00839
0.5  0.3     400  368.34381  438.67041    0.13191     0.11190    0.06785  2.00839
0.5  0.3    2000  438.62395  438.67041    0.55844     0.55952   (closed form)
0.5  0.3   20000  438.67041  438.67041    5.59405     5.59519   (closed form)
0.5  0.3  200000  438.67041  438.67041   55.95075    55.95189   (closed form)
0.5  0.6      10   19.88761 1447.80000    0.03650     0.00086    0.05144  2.00263
0.5  0.6      20   39.50149 1447.80000    0.04984     0.00172    0.05857  2.00263
0.5  0.6      40   77.92470 1447.80000    0.05717     0.00343    0.06214  2.00263
0.5  0.6     100  187.01807 1447.80000    0.06370     0.00859    0.06428  2.00263
0.5  0.6     200  349.87786 1447.80000    0.06958     0.01717    0.06499  2.00263
0.5  0.6     400  615.20331 1447.80000    0.07998     0.03434    0.06535  2.00263
0.5  0.6    2000 1356.73746 1447.80000    0.18287     0.17172   (closed form)
0.5  0.6   20000 1447.80000 1447.80000    1.71686     1.71722   (closed form)
0.5  0.6  200000 1447.80000 1447.80000   17.17182    17.17218   (closed form)
0.5  0.9      10   19.99356 24967.95000    0.03592     0.00005    0.04900  2.00016
0.5  0.9      20   39.97110 24967.95000    0.04923     0.00010    0.05614  2.00016
0.5  0.9      40   79.87821 24967.95000    0.05592     0.00020    0.05971  2.00016
0.5  0.9     100  199.21661 24967.95000    0.06006     0.00050    0.06186  2.00016
0.5  0.9     200  396.84369 24967.95000    0.06164     0.00100    0.06257  2.00016
0.5  0.9     400  787.37989 24967.95000    0.06281     0.00200    0.06293  2.00016
0.5  0.9    2000 3696.30202 24967.95000    0.06747     0.01001   (closed form)
0.5  0.9   20000 19937.97992 24967.95000    0.12532     0.10010   (closed form)
0.5  0.9  200000 24967.94725 24967.95000    1.00094     1.00096   (closed form)
