6 (2, 1, 1, 2) (1, 0, 5) D=1.73205 ds=1.7999,1.8151,1.7321 12k=-1.0000
6 (0, 0, 2, 4) (0, 5, 1) D=1.93185 ds=0.1224,0.8826,1.9319 12k=20.0000
6 (1, 3, 2, 0) (2, 0, 4) D=1.93185 ds=1.9191,1.8288,1.9319 12k=-11.0000
6 (0, 0, 3, 3) (2, 2, 2) D=0.32408 ds=1.8197,1.8286,0.3241 12k=-3.0000
6 (2, 1, 1, 2) (4, 0, 2) D=1.41421 ds=1.4457,1.9987,1.4142 12k=-13.0000
6 (0, 1, 4, 1) (2, 4, 0) D=1.21814 ds=1.2556,1.8974,1.2181 12k=8.0000
6 (2, 0, 1, 3) (3, 0, 3) D=1.41421 ds=1.9225,1.9902,1.4142 12k=-3.0000
6 (3, 1, 1, 1) (2, 1, 3) D=0.24927 ds=1.4521,1.7220,0.2493 12k=2.0000
6 (2, 0, 1, 3) (2, 4, 0) D=1.93185 ds=1.9237,1.9940,1.9319 12k=5.0000
6 (0, 2, 3, 1) (2, 3, 1) D=1.03412 ds=1.7525,1.9859,1.0341 12k=-11.0000
6 (1, 1, 2, 2) (1, 2, 3) D=0.18207 ds=1.9493,1.9633,0.1821 12k=1.0000
6 (0, 4, 2, 0) (5, 0, 1) D=2.00000 ds=0.1599,0.8294,2.0000 12k=16.0000
BEST 6 (0.1820742669779484, (1, 1, 2, 2), (1, 2, 3), 0.9999999999999764)
