4 (1, 0, 2, 1) (2, 1, 1) D=1.68778 ds=0.3735,1.3258,1.6878 12k=-15.0000
4 (0, 1, 2, 1) (1, 2, 1) D=1.51264 ds=1.5126,1.5115,1.4798 12k=-4.0000
4 (0, 0, 1, 3) (1, 2, 1) D=1.93185 ds=1.3030,1.5449,1.9319 12k=5.0000
4 (0, 2, 2, 0) (1, 1, 2) D=1.62663 ds=1.6234,1.6266,1.6069 12k=-2.0000
4 (1, 1, 1, 1) (1, 1, 2) D=1.27444 ds=1.2560,1.2716,1.2744 12k=-2.0000
4 (2, 0, 1, 1) (0, 3, 1) D=1.73205 ds=1.3364,1.4160,1.7321 12k=-5.0000
4 (2, 0, 0, 2) (1, 3, 0) D=1.93185 ds=1.3994,1.5368,1.9319 12k=6.0000
4 (1, 1, 0, 2) (1, 1, 2) D=1.53835 ds=1.0233,1.5384,1.5302 12k=1.0000
4 (2, 1, 1, 0) (2, 0, 2) D=1.77080 ds=1.7693,1.4634,1.7708 12k=-7.0000
4 (1, 3, 0, 0) (1, 1, 2) D=1.93185 ds=1.4964,1.5517,1.9319 12k=1.0000
