6 (2, 1, 1, 2) (1, 0, 5) D=1.73205 ds=1.4125,1.6332,1.7321 12k=-1.0000
6 (0, 0, 2, 4) (0, 5, 1) D=1.93185 ds=0.1910,0.7752,1.9319 12k=20.0000
6 (1, 3, 2, 0) (2, 0, 4) D=1.93185 ds=1.1044,1.2184,1.9319 12k=-11.0000
6 (0, 0, 3, 3) (2, 2, 2) D=1.69848 ds=1.5837,1.6849,1.6985 12k=-3.0000
6 (2, 1, 1, 2) (4, 0, 2) D=1.41474 ds=1.3660,1.4120,1.4147 12k=-13.0000
6 (0, 1, 4, 1) (2, 4, 0) D=1.70888 ds=1.7089,1.7066,1.5108 12k=8.0000
6 (2, 0, 1, 3) (3, 0, 3) D=1.43228 ds=1.4323,1.4277,1.4214 12k=-3.0000
6 (3, 1, 1, 1) (2, 1, 3) D=1.70805 ds=1.6930,1.7051,1.7081 12k=2.0000
6 (2, 0, 1, 3) (2, 4, 0) D=1.93185 ds=1.1144,1.3736,1.9319 12k=17.0000
6 (0, 2, 3, 1) (2, 3, 1) D=1.63612 ds=1.6187,1.6361,1.6244 12k=-11.0000
