144 ((1, 1, 0), 'I1', ('1a',), ('a2:a-swap', 'a3:a-cycle')) eg ((1, 1, 0), (0, 1, 0), (0, 1, 1), 1, 1)
132 ((1, 1, 0), 'I1', ('1a',), ('a2:a-swap',)) eg ((1, 1, 0), (0, 0, 1), (0, 1, 1), 1, 1)
36 ((1, 1, 2), 'I1', ('1a',), ('a2:a-swap', 'a3:OPEN@a3', 'b2:b-swap', 'c2:c-swap')) eg ((1, 1, 2), (0, 1, 0), (0, 2, 1), 1, 2)
12 ((1, 1, 2), 'I1', ('1a',), ('a2:a-swap', 'a3:a-cycle+b-swap+c-swap')) eg ((1, 1, 2), (0, 1, 0), (0, 2, 1), 1, 1)
6 ((1, 1, 2), 'I1', ('1a',), ('a2:a-swap', 'a3:a-cycle+b-swap+c-swap', 'b2:b-swap')) eg ((1, 1, 2), (0, 1, 0), (2, 1, 1), 2, 2)
6 ((1, 1, 2), 'I1', ('1a',), ('a2:a-swap', 'a3:a-cycle+b-swap+c-swap', 'c2:c-swap')) eg ((1, 1, 2), (0, 1, 0), (0, 2, 2), 2, 2)
30 ((1, 1, 2), 'I1', ('1a',), ('a2:a-swap', 'b2:b-swap', 'c2:c-swap')) eg ((1, 1, 2), (0, 1, 0), (1, 0, 0), 1, 2)
6 ((1, 1, 2), 'I1', ('1b',), ('a2:a-swap', 'b2:b-swap', 'b3,c2:c-swap')) eg ((1, 1, 2), (0, 1, 0), (2, 0, 0), 2, 2)
6 ((1, 1, 2), 'I1', ('1b',), ('a2:a-swap', 'b2:b-swap', 'c2:c-swap')) eg ((1, 1, 2), (0, 1, 0), (1, 2, 0), 1, 1)
6 ((1, 1, 2), 'I1', ('1b',), ('b2:b-swap', 'a2,b3:a-swap')) eg ((1, 1, 2), (0, 0, 1), (0, 2, 0), 2, 2)
6 ((1, 1, 2), 'I1', ('1b',), ('b2:b-swap', 'b3:a-cycle+a-swap+b-cycle+c-swap', 'c2:c-swap')) eg ((1, 1, 2), (0, 0, 1), (2, 1, 1), 2, 1)
6 ((1, 1, 2), 'I1', ('1b',), ('b2:b-swap', 'b3:a-swap+b-cycle+c-swap', 'c2:c-swap')) eg ((1, 1, 2), (0, 0, 1), (0, 1, 2), 2, 1)
12 ((1, 1, 2), 'I1', ('1b',), ('b2:b-swap', 'c2:c-swap')) eg ((1, 1, 2), (0, 0, 1), (1, 2, 1), 2, 2)
6 ((1, 1, 2), 'I1', ('1b',), ('b2:b-swap', 'c2:c-swap', 'a2,b3:a-swap')) eg ((1, 1, 2), (0, 0, 1), (0, 1, 0), 2, 2)
6 ((1, 1, 2), 'I1', ('ab',), ('a2:a-swap', 'b2:b-swap', 'c2:c-swap')) eg ((1, 1, 2), (0, 1, 1), (2, 0, 1), 2, 2)
6 ((1, 1, 2), 'I1', ('ab',), ('a2:a-swap', 'c2:c-swap', 'b2,c3:b-swap')) eg ((1, 1, 2), (0, 1, 0), (2, 0, 0), 1, 1)
12 ((1, 1, 2), 'I1', ('ab',), ('b2:b-swap', 'c2:c-swap')) eg ((1, 1, 2), (0, 0, 1), (2, 1, 1), 2, 2)
6 ((1, 1, 2), 'I1', ('ab',), ('b2:b-swap', 'c2:c-swap', 'a2,c3:a-swap')) eg ((1, 1, 2), (0, 0, 1), (1, 0, 0), 2, 2)
6 ((1, 1, 2), 'I1', ('ab',), ('b2:b-swap', 'c2:c-swap', 'c3:a-cycle+a-swap+b-cycle+b-swap+c-cycle')) eg ((1, 1, 2), (0, 0, 1), (1, 2, 1), 2, 1)
6 ((1, 1, 2), 'I1', ('ab',), ('b2:b-swap', 'c2:c-swap', 'c3:a-swap+b-cycle+b-swap+c-cycle')) eg ((1, 1, 2), (0, 0, 1), (1, 0, 2), 2, 1)
6 ((1, 1, 2), 'I1', ('ab',), ('c2:c-swap', 'a2,c3:a-swap')) eg ((1, 1, 2), (0, 0, 1), (2, 0, 0), 2, 2)
6 ((1, 1, 2), 'I3', ('1a', '1b', 'ab'), ('a2:a-swap', 'b2:b-swap')) eg ((1, 1, 2), (0, 1, 0), (1, 2, 1), 1, 1)
12 ((1, 1, 2), 'I3', ('1a', '1b', 'ab'), ('a2:a-swap', 'b2:b-swap', 'c2:c-swap')) eg ((1, 1, 2), (0, 1, 0), (2, 0, 1), 2, 2)
6 ((1, 1, 2), 'I3', ('1a', '1b', 'ab'), ('a2:a-swap', 'c2:c-swap')) eg ((1, 1, 2), (0, 1, 1), (1, 2, 2), 2, 2)
6 ((1, 1, 2), 'I3', ('1a', '1b', 'ab'), ('b2:b-swap', 'c2:c-swap')) eg ((1, 1, 2), (0, 1, 0), (1, 2, 2), 2, 1)
6 ((1, 1, 2), 'I3', ('1a', '1b', 'ab'), ('b2:b-swap',)) eg ((1, 1, 2), (0, 0, 1), (1, 2, 0), 2, 2)
6 ((1, 1, 2), 'I3', ('1a', '1b', 'ab'), ('c2:c-swap',)) eg ((1, 1, 2), (0, 0, 1), (2, 1, 0), 2, 2)
rules with a two-site move 504 open 36
